beta,varbeta,snp,pos,type,N,MAF,pval
5.070772190457625,0.0724052170229436,rs2273814,30063202,cc,343,0.13702623906705538,7.806607802552271e-55
4.939630989136275,0.07259457454540615,rs3783297,30064026,cc,343,0.14285714285714285,8.945239544926337e-53
4.98547424183487,0.07047761331742725,rs7146602,30067638,cc,343,0.14285714285714285,1.4306049904591436e-54
4.9853276942146065,0.07009182338353132,rs2273813,30068194,cc,343,0.14285714285714285,8.91133785514028e-55
4.837056699861389,0.06524545513707211,rs3783300,30070659,cc,343,0.16326530612244897,3.324730702815278e-55
4.832456923323319,0.06336056068313761,rs3783301,30070909,cc,343,0.1661807580174927,2.950847941745163e-56
6.006615642926607,0.18885271635217832,rs4981710,30071218,cc,343,0.037900874635568516,7.8883486618672e-35
5.4488494282458415,0.2770342452733212,rs875677,30071321,cc,343,0.03206997084548105,4.988214148798768e-22
4.83220696276444,0.06369921917614514,rs2181179,30073056,cc,343,0.1661807580174927,4.781478555288787e-56
5.401866689885548,0.38669560586393925,rs17573998,30073555,cc,343,0.026239067055393587,1.5623619711952787e-16
5.512990946031522,0.2604244910091772,rs16895,30074323,cc,343,0.03206997084548105,1.331384832536515e-23
7.0523873728878055,8.586900467096013,rs8021268,30080936,cc,343,0.01749271137026239,0.01662800264625197
4.715048375752662,0.05827500695223455,rs12431960,30081959,cc,343,0.18658892128279883,1.340740580203839e-57
6.614077435627369,3.3650188030326467,rs2146130,30083432,cc,343,0.043731778425655975,0.00035779297167964956
4.715048375752662,0.05827500695223455,rs12433335,30086481,cc,343,0.18658892128279883,1.340740580203839e-57
4.837056699861389,0.06524545513707211,rs2333611,30092677,cc,343,0.16326530612244897,3.324730702815278e-55
6.614077435627369,3.3650188030326467,rs2333612,30092885,cc,343,0.043731778425655975,0.00035779297167964956
6.919128527925739,7.344869000552594,rs17115091,30094252,cc,343,0.02040816326530612,0.011112026506199692
7.6694225752796275,3.1026345179483314,rs1191605,30097159,cc,343,0.04664723032069971,1.767747569855615e-05
5.827273991311264,0.1735954146537003,rs2273812,30100372,cc,343,0.043731778425655975,1.8214547698190816e-35
6.919128527925739,7.344869000552594,rs11846227,30100603,cc,343,0.02040816326530612,0.011112026506199692
5.84357070798398,0.17591176095375533,rs10135620,30100624,cc,343,0.043731778425655975,2.939013344218576e-35
8.053802970445634,3.5527661596512097,rs1191599,30103441,cc,343,0.04081632653061224,2.5049994900354985e-05
4.661382087746404,0.06121396489752269,rs2787101,30105121,cc,343,0.18950437317784258,8.126101979729192e-55
5.04200125414974,0.10509871408660908,rs2273810,30105291,cc,343,0.10787172011661808,1.2610306115574913e-41
5.524458429909115,0.15332594650970777,rs7143244,30118479,cc,343,0.061224489795918366,6.086570328290533e-36
4.58478529755266,0.06066772205215175,rs6571317,30125660,cc,343,0.19533527696793002,6.627357503163688e-54
5.605060452457384,0.935470985435375,rs4274347,30128437,cc,343,0.008746355685131196,1.5504518214657367e-08
4.58478529755266,0.06066772205215175,rs17115183,30137407,cc,343,0.19533527696793002,6.627357503163688e-54
6.388390757646426,6.429913915440622,rs6571318,30147686,cc,343,0.023323615160349854,0.012212304954498293
5.977555071143815,0.5587376844610482,rs7148794,30149524,cc,343,0.008746355685131196,1.99118719172324e-14
5.612448809331902,0.21609576687429513,rs1890223,30152406,cc,343,0.04081632653061224,3.374033228245958e-28
7.309770606672876,1.5902294712240976,rs17115215,30153719,cc,343,0.08746355685131195,1.5382954583575715e-08
4.610114341189082,0.05857970076245205,rs1959433,30157147,cc,343,0.19533527696793002,1.1913279281681546e-55
4.706477686720472,0.062401015525452554,rs2225899,30159254,cc,343,0.17784256559766765,8.091118246839496e-55
4.645914786697332,0.05930316721714187,rs11847410,30159698,cc,343,0.18950437317784258,8.982469011427928e-56
4.645914786697332,0.05930316721714187,rs11851251,30159776,cc,343,0.18950437317784258,8.982469011427928e-56
4.70513883013021,0.0627472756120871,rs11845981,30160124,cc,343,0.17784256559766765,1.377622128105458e-54
4.645914786697332,0.05930316721714187,rs3783305,30168586,cc,343,0.18950437317784258,8.982469011427928e-56
4.610114341189082,0.05857970076245205,rs9322846,30177166,cc,343,0.19533527696793002,1.1913279281681546e-55
4.610114341189082,0.05857970076245205,rs10149558,30180340,cc,343,0.19533527696793002,1.1913279281681546e-55
5.112341032999229,0.11137085414397446,rs1959431,30182569,cc,343,0.09329446064139942,1.064571512789498e-40
5.511530344218128,0.18264979220864502,rs2068012,30190316,cc,343,0.052478134110787174,2.784416980826447e-31
5.326092431365769,0.12663066219370375,rs4357843,30190649,cc,343,0.08163265306122448,2.6228174269776763e-39
5.441551669514171,0.24502702276352423,rs9888616,30192618,cc,343,0.037900874635568516,2.8285428202188392e-24
5.4043945623100615,0.17017833753349962,rs11626603,30194899,cc,343,0.061224489795918366,4.6515835867839744e-32
5.4025942983761635,0.1689945435606968,rs11622611,30200529,cc,343,0.061224489795918366,3.2335982949210877e-32
5.270895883197249,0.14557878833911528,rs1959441,30208568,cc,343,0.0728862973760933,8.426809061569588e-35
5.4674104412134215,0.1840661366605387,rs12878274,30209631,cc,343,0.05539358600583091,1.0515266083804861e-30
5.640868658992582,17.371616536784213,rs17096026,30210806,cc,343,0.008746355685131196,0.17682201222185667
5.330221452655247,0.17126578455046407,rs1953729,30210822,cc,343,0.0641399416909621,3.212835639272869e-31
5.4674104412134215,0.1840661366605387,rs954455,30214427,cc,343,0.05539358600583091,1.0515266083804861e-30
5.46517399662947,0.1827382914725121,rs2333627,30214438,cc,343,0.05539358600583091,7.362183302798203e-31
5.383182246044813,0.17210027435531564,rs8003617,30218419,cc,343,0.061224489795918366,1.3841647176295212e-31
5.569637812124466,0.11158902477634106,rs2185014,30219499,cc,343,0.07871720116618076,4.243072132597017e-46
5.399854639146679,0.16908107873301473,rs17096040,30221648,cc,343,0.061224489795918366,3.5311863525203423e-32
5.399854639146679,0.16908107873301473,rs17096055,30224080,cc,343,0.061224489795918366,3.5311863525203423e-32
5.4292457724869045,0.08730074791534392,rs1953726,30224481,cc,343,0.10204081632653061,6.0730995285231e-53
5.604123902330396,0.11283292623790266,rs1953725,30224495,cc,343,0.07580174927113703,3.850906894764179e-46
5.525412429844774,0.18504442459090245,rs12893992,30226369,cc,343,0.052478134110787174,4.361199907743749e-31
5.399817203035557,0.16908226089007658,rs11850756,30229405,cc,343,0.061224489795918366,3.535434752353365e-32
5.161004517007255,0.12133365885267691,rs1953722,30230638,cc,343,0.09329446064139942,1.0297712273053824e-38
5.311147069868916,0.15142127882365453,rs4457905,30233422,cc,343,0.06997084548104957,3.680750113855031e-34
5.5232806977756095,0.19248732387710463,rs946014,30243996,cc,343,0.052478134110787174,4.0179591401591456e-30
5.23218933239219,0.20942321768949063,rs8009605,30254780,cc,343,0.04956268221574344,7.441835883924809e-26
5.303297244258337,0.13977160536770886,rs10137256,30259496,cc,343,0.07580174927113703,3.059393123627296e-36
6.569599020139075,0.6558017573667623,rs17096068,30264633,cc,343,0.008746355685131196,8.998254581087587e-15
5.606517706743199,1.405061013915098,rs2185013,30270030,cc,343,0.008746355685131196,3.2917073957346664e-06
5.536675067944374,0.1723360029652813,rs10144903,30272309,cc,343,0.05539358600583091,5.813439991204854e-33
5.537017596752468,0.1846690405357464,rs7154546,30279983,cc,343,0.052478134110787174,3.075414825566438e-31
5.23218933239219,0.20942321768949063,rs12147361,30280377,cc,343,0.04956268221574344,7.441835883924809e-26
5.85770802463075,0.1367471156455455,rs4329829,30287182,cc,343,0.05830903790087463,9.028642437163373e-43
8.023849557532518,2.5693252834269353,rs17096078,30290431,cc,343,0.05539358600583091,8.923621473441198e-07
5.85770802463075,0.1367471156455455,rs4424825,30292318,cc,343,0.05830903790087463,9.028642437163373e-43
4.559693380031918,0.05801535799780978,rs12882145,30294886,cc,343,0.19825072886297376,3.520950987293884e-55
5.85770802463075,0.1367471156455455,rs8008553,30298091,cc,343,0.05830903790087463,9.028642437163373e-43
8.023849557532518,2.5693252834269353,rs8010036,30300263,cc,343,0.05539358600583091,8.923621473441198e-07
5.8207083095238055,0.13694264691760702,rs2810045,30300313,cc,343,0.061224489795918366,2.5047405532110575e-42
6.010242248991448,0.19038827203915454,rs2810043,30302188,cc,343,0.04081632653061224,1.2048688815829597e-34
5.028618057227414,0.09399078666213866,rs7157367,30305861,cc,343,0.12244897959183673,5.153077061092189e-45
6.439737362979223,0.7376595488865607,rs12587654,30308299,cc,343,0.0058309037900874635,5.623856216215474e-13
5.028618057227414,0.09399078666213866,rs1958980,30312091,cc,343,0.12244897959183673,5.153077061092189e-45
6.10962880225737,0.46035471863394073,rs10144164,30312392,cc,343,0.01749271137026239,1.540409401761838e-17
5.024909083366046,0.09356330109249301,rs11847351,30314078,cc,343,0.12244897959183673,4.0813725490578554e-45
6.086227570509758,0.34336170356374196,rs11851625,30314159,cc,343,0.023323615160349854,3.7980036300737523e-22
5.028618057227414,0.09399078666213866,rs10134670,30316942,cc,343,0.12244897959183673,5.153077061092189e-45
5.017125201983653,0.09706337847557096,rs10147856,30317133,cc,343,0.119533527696793,8.046861021547464e-44
6.099033091248578,0.473388510269381,rs12323862,30317951,cc,343,0.01749271137026239,4.306729518344028e-17
5.744374322715213,0.3260470914886424,rs1958990,30326968,cc,343,0.026239067055393587,5.012887833520158e-21
8.397794875179887,6.343038411659291,rs11620881,30327482,cc,343,0.023323615160349854,0.0009485845412456346
5.898619959070619,0.3499361147289081,rs17096099,30332962,cc,343,0.02040816326530612,1.0030898212801155e-20
4.999892506514372,0.09925230398880652,rs1958988,30334967,cc,343,0.119533527696793,6.856357325179225e-43
6.417860737257309,0.46171970385217703,rs8021375,30339554,cc,343,0.014577259475218658,5.74270218878995e-19
4.941957168396957,0.11242637404286074,rs1958987,30339811,cc,343,0.11078717201166181,2.0787910973525884e-38
4.71043715235891,0.07300103001863516,rs6571322,30342818,cc,343,0.16326530612244897,3.7329614801329514e-49
5.999571015314705,2.276295854908681,rs8021630,30348076,cc,343,0.0029154518950437317,8.535893306697097e-05
4.9141504259886535,0.09731863799614195,rs4981722,30355273,cc,343,0.12244897959183673,2.0224154405515122e-42
4.93606935741497,0.08849565588385555,rs2151746,30361382,cc,343,0.13119533527696792,8.89963723507587e-46
4.937972050315897,0.0874726150489393,rs10142416,30363132,cc,343,0.13119533527696792,3.4342927118573537e-46
7.365709188865646,1.7125766449964797,rs17096124,30366612,cc,343,0.0029154518950437317,3.7917956063328175e-08
7.365709188865646,1.7125766449964797,rs17096135,30370930,cc,343,0.0029154518950437317,3.7917956063328175e-08
7.365709188865646,1.7125766449964797,rs10151420,30371135,cc,343,0.0029154518950437317,3.7917956063328175e-08
6.357795101118146,0.7134585805213537,rs7145714,30372765,cc,343,0.011661807580174927,4.64692377452951e-13
6.357795101118146,0.7134585805213537,rs10144799,30376396,cc,343,0.011661807580174927,4.64692377452951e-13
6.192127617785193,0.6817355764539559,rs10147905,30380784,cc,343,0.014577259475218658,5.565802942035263e-13
7.392586854957518,1.8553562656111393,rs10133885,30382993,cc,343,0.0029154518950437317,1.0859232692078989e-07
5.776351606081786,0.721093637622956,rs12589992,30387520,cc,343,0.011661807580174927,4.612021263947525e-11
4.967086654053947,0.07101271152537494,rs2333660,30395066,cc,343,0.15451895043731778,5.233900340025321e-54
6.0013955105220305,0.20842420135368492,rs12587006,30395640,cc,343,0.03498542274052478,3.138621557063884e-32
5.090861754119189,0.06975846605413706,rs10136137,30396038,cc,343,0.1457725947521866,1.4483315638792145e-56
6.005198050350785,0.20642322743670338,rs10498313,30398876,cc,343,0.03498542274052478,1.6678074968775568e-32
5.179577094639216,0.07520349785271632,rs6571329,30402762,cc,343,0.13411078717201166,5.2480022985604185e-55
6.809418622609164,0.8529859384085835,rs12437436,30406873,cc,343,0.15451895043731778,1.2692256939604211e-12
6.688055633433526,0.6176955135134286,rs8008051,30407354,cc,343,0.0029154518950437317,5.555696002804163e-16
5.4106118192943695,0.15474070159267472,rs1958979,30413787,cc,343,0.07580174927113703,1.4383890675746268e-34
6.144708522744164,0.4411135640388905,rs10146369,30422428,cc,343,0.02040816326530612,2.45895874021247e-18
6.255708369207193,0.5019730427374013,rs10146415,30422702,cc,343,0.014577259475218658,5.556337908675384e-17
5.770881409079864,0.2566358873330647,rs7151366,30431125,cc,343,0.037900874635568516,1.0532975130420467e-25
5.619074667418909,0.17363758632666776,rs17096167,30434431,cc,343,0.05539358600583091,1.5766200402284663e-33
5.93145890893686,0.4605040470069426,rs13353121,30436410,cc,343,0.02040816326530612,1.0587309394182872e-16
5.699654977285642,0.18822213363848062,rs225918,30443654,cc,343,0.04956268221574344,3.3675683511741705e-32
5.704636374164787,0.19919352138260693,rs170475,30451426,cc,343,0.04664723032069971,7.550973069738142e-31
4.8310086522987445,0.09447253281464645,rs17096174,30454138,cc,343,0.12536443148688048,2.786583300181449e-42
4.741124692237576,0.05784476101422257,rs225904,30454892,cc,343,0.18658892128279883,2.5130789491520345e-58
5.670974222641518,0.3089955789928525,rs225902,30459451,cc,343,0.03206997084548105,1.6429740719699485e-21
5.586359335000576,0.46613289057385476,rs12431734,30463006,cc,343,0.023323615160349854,5.54975529153373e-15
5.839956660701874,0.45179294716932505,rs225894,30464377,cc,343,0.014577259475218658,1.5442962060255703e-16
6.473149529689142,1.7486936245907045,rs10151686,30466466,cc,343,0.08163265306122448,1.5173378923244846e-06
5.809607186350485,1.0920832798643025,rs10467751,30469994,cc,343,0.0058309037900874635,5.4630380480841297e-08
5.876320137402326,0.2959557527305717,rs225887,30471250,cc,343,0.026239067055393587,1.3460731728052627e-23
5.075041683667001,0.09933647502083157,rs225885,30471987,cc,343,0.10787172011661808,8.162886644292917e-44
5.1244425864376435,0.11374014900008797,rs225884,30473054,cc,343,0.09912536443148688,3.312451005196456e-40
5.6217015607872085,0.24561761660909678,rs225880,30481804,cc,343,0.03498542274052478,1.5737423602149868e-25
4.6771097373648205,0.06508615240191974,rs1957347,30483129,cc,343,0.1836734693877551,8.977387544787406e-53
6.739284846960064,1.8077162483989653,rs8017913,30484780,cc,343,0.07871720116618076,8.641551680887887e-07
5.23445899041276,0.14768418195134292,rs225879,30485050,cc,343,0.07871720116618076,4.717390359257926e-34
5.339871427639352,0.1998357008793516,rs182709,30486324,cc,343,0.05830903790087463,1.0035376961159877e-27
6.628990982503238,0.8071167274144997,rs12431442,30489157,cc,343,0.0029154518950437317,1.2226191052365908e-12
6.307717639329334,0.5822490888152676,rs718545,30489623,cc,343,0.011661807580174927,3.088443918196861e-15
4.711115881023258,0.06944697672137562,rs225999,30489829,cc,343,0.1749271137026239,6.150870549618393e-51
4.514717632285102,0.052834940108467406,rs1372050,30491068,cc,343,0.22448979591836735,4.872460864458701e-58
5.674575388006874,0.3388535899301541,rs225996,30491622,cc,343,0.02040816326530612,5.659426716571078e-20
6.371742423898864,1.6879776991778328,rs1440983,30493261,cc,343,0.08454810495626822,1.4523457754190634e-06
5.088799906995243,0.09550315435379705,rs225995,30493712,cc,343,0.10787172011661808,2.8477570939732594e-45
7.646046954105561,1.7002714924542366,rs17096199,30494352,cc,343,0.08163265306122448,1.0666788273816472e-08
5.2520116009928515,0.15220819943609906,rs225994,30494365,cc,343,0.07580174927113703,1.9298022003909177e-33
6.3752970862138945,0.8337742718162047,rs12588624,30494418,cc,343,0.0029154518950437317,1.521758439950554e-11
5.053904879812987,0.11583943931441025,rs225993,30494819,cc,343,0.10204081632653061,7.660844877292353e-39
4.9745402710920885,0.07995117003116053,rs225987,30500243,cc,343,0.1282798833819242,8.556301874208424e-50
5.655612022111139,0.23808122518266,rs225986,30500353,cc,343,0.03498542274052478,1.993247149862196e-26
5.1930071174022565,0.14505402110285456,rs225985,30501056,cc,343,0.08163265306122448,4.1624331237704996e-34
5.0781102078733085,0.10160546657742332,rs225984,30501639,cc,343,0.10495626822157435,3.933988803710131e-43
5.0781102078733085,0.10160546657742332,rs225983,30502215,cc,343,0.10495626822157435,3.933988803710131e-43
6.194930174436838,2.3827368988075053,rs17322331,30503317,cc,343,0.0029154518950437317,7.361170120069519e-05
5.0486374542984045,0.11739081362438915,rs17322359,30505167,cc,343,0.09912536443148688,2.148759122176651e-38
6.377870098468403,0.8513193906652581,rs8006575,30507533,cc,343,0.0029154518950437317,2.3433382961207987e-11
5.0486374542984045,0.11739081362438915,rs1992372,30508916,cc,343,0.09912536443148688,2.148759122176651e-38
7.646046954105561,1.7002714924542366,rs12895753,30511853,cc,343,0.08163265306122448,1.0666788273816472e-08
5.0781102078733085,0.10160546657742332,rs225964,30514667,cc,343,0.10495626822157435,3.933988803710131e-43
4.620773730575046,0.06630067364736576,rs225949,30522764,cc,343,0.1836734693877551,3.2623695770466134e-51
4.611816854057436,0.06978509471889628,rs225947,30524062,cc,343,0.1749271137026239,2.992848276200415e-49
4.589683149734941,0.0680939105493344,rs225943,30524538,cc,343,0.18075801749271136,8.923479866000042e-50
6.080927130928573,1.1697797816849536,rs41449149,30525601,cc,343,0.0058309037900874635,3.916670965735708e-08
6.5781573209946576,0.8437318855576026,rs10483388,30526315,cc,343,0.0058309037900874635,4.9216547914850275e-12
5.595184113464136,0.20957649271635617,rs2165406,30533385,cc,343,0.04664723032069971,9.478316239563918e-29
6.696214206683936,0.6068341796638294,rs9652310,30539282,cc,343,0.008746355685131196,3.0005360773364345e-16
5.487469877515226,0.1614473458163583,rs225829,30543794,cc,343,0.052478134110787174,3.4212266995225566e-34
4.563796346270054,0.05201675460374368,rs1899257,30544335,cc,343,0.21574344023323616,1.6053791946221543e-59
5.203866954247605,0.14003965706402963,rs1440985,30545594,cc,343,0.07580174927113703,3.727368209845304e-35
5.848166236953069,0.21373326491706549,rs417054,30548135,cc,343,0.03206997084548105,2.375620404707892e-30
4.533555195727481,0.04365357995777455,rs225843,30552778,cc,343,0.22740524781341107,2.8932735565365304e-66
4.533555195727481,0.04365357995777455,rs225842,30552936,cc,343,0.22740524781341107,2.8932735565365304e-66
5.881475633861737,0.3505266462781392,rs17096262,30575473,cc,343,0.02040816326530612,1.342119716289171e-20
5.197414547036157,0.16246112814458685,rs17323696,30578722,cc,343,0.0728862973760933,2.820721652183259e-31
4.911536050763274,0.0688100246229659,rs1837683,30578766,cc,343,0.14285714285714285,2.397142842222149e-54
6.684216817556875,0.5083111859352293,rs225864,30578799,cc,343,0.008746355685131196,9.722249316325065e-19
6.182552392597602,0.7614668381672389,rs190123,30585634,cc,343,0.0058309037900874635,7.977922825968007e-12
5.159618987872786,0.16031326132935658,rs8011977,30587928,cc,343,0.07580174927113703,3.032679583176818e-31
4.897846867060086,0.06809966342447088,rs11627948,30588110,cc,343,0.1457725947521866,1.5802133434075968e-54
5.837985079656677,8.632672683081312,rs8015700,30593031,cc,343,0.01749271137026239,0.047723710802438216
5.107235751666714,0.11923128962897238,rs7152980,30593428,cc,343,0.09912536443148688,1.2993904220348175e-38
5.107235751666714,0.11923128962897238,rs12436321,30593866,cc,343,0.09912536443148688,1.2993904220348175e-38
6.1410148255064865,0.748648303907204,rs984439,30600098,cc,343,0.0058309037900874635,7.378787706529075e-12
5.917792263702795,0.20762503776468122,rs10142295,30600423,cc,343,0.037900874635568516,1.2560203020680803e-31
4.86933012067237,0.09806428200479521,rs983833,30604166,cc,343,0.12536443148688048,1.2989488768128221e-41
5.917792263702795,0.20762503776468122,rs41383744,30604223,cc,343,0.037900874635568516,1.2560203020680803e-31
4.837114764945557,0.06558564916742332,rs1277623,30604402,cc,343,0.15451895043731778,5.2338464077399094e-55
6.235422732279847,0.7452318315003567,rs1277621,30604763,cc,343,0.0058309037900874635,3.3261905313287454e-12
4.982535523701085,0.07254599322868652,rs11627212,30605415,cc,343,0.13119533527696792,1.929013389838912e-53
6.167335098776054,0.7768169022405347,rs1277620,30605576,cc,343,0.0058309037900874635,1.38170060591823e-11
5.093441610314409,0.11059824285067853,rs8019932,30606426,cc,343,0.10787172011661808,1.0982598713516488e-40
5.093441610314409,0.11059824285067853,rs8005030,30607199,cc,343,0.10787172011661808,1.0982598713516488e-40
4.9235259333973165,0.09336397949232764,rs10138407,30615057,cc,343,0.12536443148688048,7.365821661292006e-44
6.021481803742313,0.6644812621583344,rs12894799,30615347,cc,343,0.011661807580174927,1.1592983757917443e-12
4.9869695292668945,0.09850321110116057,rs11156628,30619554,cc,343,0.11661807580174927,5.756426179984671e-43
4.796568697154341,0.06846352797887734,rs10483386,30627238,cc,343,0.16326530612244897,9.091363372568187e-53
5.012104508661128,0.10003618081688125,rs1956470,30627832,cc,343,0.11370262390670553,8.520973788860012e-43
4.796568697154341,0.06846352797887734,rs1884843,30634390,cc,343,0.16326530612244897,9.091363372568187e-53
4.995407382365119,0.10110114622576251,rs10132540,30634808,cc,343,0.11370262390670553,2.969872352344677e-42
4.995407382365119,0.10110114622576251,rs8012537,30635146,cc,343,0.11370262390670553,2.969872352344677e-42
5.345478134190493,0.16956084572733732,rs1121839,30638792,cc,343,0.061224489795918366,1.322113122244758e-31
4.680825634521032,0.06218581967728523,rs1476391,30641083,cc,343,0.18658892128279883,1.552558268425614e-54
4.680825634521032,0.06218581967728523,rs720761,30641789,cc,343,0.18658892128279883,1.552558268425614e-54
5.345478134190493,0.16956084572733732,rs2145175,30645664,cc,343,0.061224489795918366,1.322113122244758e-31
4.732276759391574,0.07167615361844516,rs10438055,30651785,cc,343,0.1661807580174927,3.968241462614772e-50
4.760408518314539,0.07198099287455478,rs1956461,30656078,cc,343,0.16326530612244897,2.1251686134032636e-50
6.516174637507568,1.0401567789884503,rs17096362,30661021,cc,343,0.0029154518950437317,5.455033441249588e-10
6.016721944158617,0.6879972766926058,rs12885364,30661778,cc,343,0.011661807580174927,2.7322572275447165e-12
5.393973491728788,0.20600464196100549,rs1157855,30664497,cc,343,0.04956268221574344,1.6833707222890705e-27
5.392548861132225,0.20767570597044308,rs1319577,30666491,cc,343,0.04956268221574344,2.5925933960229785e-27
5.354187835877033,0.18624940092158052,rs10147928,30669014,cc,343,0.05539358600583091,1.9459372103423755e-29
4.962446746584044,0.14539686292092036,rs12433360,30669763,cc,343,0.09037900874635568,9.925942096392162e-32
5.781592507503935,0.3785695761008451,rs10131864,30673216,cc,343,0.02040816326530612,8.274182798546011e-19
5.743249439922375,0.4609355118913385,rs10483381,30674698,cc,343,0.01749271137026239,7.942105232391274e-16
5.786407597065276,0.382776513240323,rs10483380,30674898,cc,343,0.02040816326530612,1.1529539529455046e-18
5.786407597065276,0.382776513240323,rs17096400,30675172,cc,343,0.02040816326530612,1.1529539529455046e-18
5.932322173276416,0.6148236873986095,rs17096403,30676457,cc,343,0.0058309037900874635,3.6024279510603143e-13
5.800215006213408,0.3652935602405513,rs11625653,30676839,cc,343,0.02040816326530612,1.810549245844859e-19
5.786407597065276,0.382776513240323,rs17096415,30678400,cc,343,0.02040816326530612,1.1529539529455046e-18
6.497049317159174,1.0673461039289127,rs17333110,30679032,cc,343,0.0029154518950437317,9.772877560988285e-10
5.469753337765747,0.0989752775339613,rs10483379,30679463,cc,343,0.09329446064139942,5.811352209053712e-49
5.786407597065276,0.382776513240323,rs11629275,30679690,cc,343,0.02040816326530612,1.1529539529455046e-18
5.743249439922375,0.4609355118913385,rs17096422,30680306,cc,343,0.01749271137026239,7.942105232391274e-16
5.743249439922375,0.4609355118913385,rs11626639,30680495,cc,343,0.01749271137026239,7.942105232391274e-16
5.78845670396277,0.4535440079448357,rs1950845,30683580,cc,343,0.01749271137026239,3.018129640194372e-16
6.451233495894855,0.5677030366810697,rs12879631,30686953,cc,343,0.0058309037900874635,3.821759321575195e-16
6.436344301260301,1.4198688350220292,rs9322849,30690998,cc,343,0.0029154518950437317,1.2399683880582902e-07
6.433011558044549,0.9268745543349636,rs1956468,30691429,cc,343,0.0029154518950437317,9.583696853331072e-11
6.429155535817602,0.9064729204411285,rs2070335,30692051,cc,343,0.0029154518950437317,6.243064550558586e-11
7.353782461730773,10.320670281843455,rs724166,30692840,cc,343,0.014577259475218658,0.02268500609794506
6.720855973823936,2.2494682155721875,rs17184,30693446,cc,343,0.0641399416909621,1.0141964373915908e-05
7.459774363140756,2.456984224187889,rs4981739,30694326,cc,343,0.05830903790087463,2.8742645467700983e-06
4.687129270224511,0.09747240439848132,rs17424854,30696098,cc,343,0.13702623906705538,1.7300278153686207e-39
4.682332907517864,0.09810445543307644,rs17333779,30697199,cc,343,0.13702623906705538,3.087403953137154e-39
4.682332907517864,0.09810445543307644,rs17425115,30701041,cc,343,0.13702623906705538,3.087403953137154e-39
6.429155535817602,0.9064729204411285,rs17096456,30704421,cc,343,0.0029154518950437317,6.243064550558586e-11
4.327334946114086,0.05130677997318503,rs12436395,30706026,cc,343,0.2536443148688047,7.03228952771332e-56
6.327920990220777,0.9976816793378253,rs8014088,30709308,cc,343,0.0029154518950437317,7.465423422029578e-10
5.691137560747684,0.5365478012185689,rs4981741,30713366,cc,343,0.02040816326530612,9.288336821417582e-14
4.623189909903669,0.09484250108348635,rs1955773,30730898,cc,343,0.14285714285714285,1.7441393924067215e-39
5.753053534686636,0.4271629902668882,rs10483378,30735710,cc,343,0.023323615160349854,6.766574553600229e-17
5.691137560747684,0.5365478012185689,rs12887892,30739000,cc,343,0.02040816326530612,9.288336821417582e-14
5.645730424538067,0.545751193062584,rs17096475,30746181,cc,343,0.02040816326530612,2.1711736489039292e-13
4.346738729270426,0.053230106141101824,rs17096482,30746742,cc,343,0.24198250728862974,8.141074939419814e-55
4.444207151223106,0.04983375281633641,rs1955775,30748652,cc,343,0.24198250728862974,4.125809643112006e-59
4.407924164982899,0.04776650936057874,rs8012626,30753108,cc,343,0.25072886297376096,3.7267155226724194e-60
6.00960766340562,0.40307875389808845,rs17096490,30756745,cc,343,0.023323615160349854,4.909596162398594e-19
6.024936700099685,0.39764819757768133,rs7148020,30765187,cc,343,0.023323615160349854,2.5010334117623183e-19
6.137847738402305,0.3661533102032293,rs7148447,30765536,cc,343,0.023323615160349854,2.6053568470245652e-21
5.605282935617176,0.34841644175670555,rs2025052,30774544,cc,343,0.03498542274052478,3.8951777400491257e-19
4.552223957860907,0.051599833458096676,rs179071,30780729,cc,343,0.22157434402332363,1.2197167518772573e-59
5.356084353266794,0.46188850398668735,rs36112089,30783163,cc,343,0.023323615160349854,4.3824793334470686e-14
5.17595163647527,0.14653208856606018,rs17335676,30791706,cc,343,0.07871720116618076,1.1390061660690602e-33
6.943048619907451,1.1688961841292882,rs179075,30792163,cc,343,0.0029154518950437317,4.5042424192715846e-10
5.067747104248616,0.11405415106539162,rs6571342,30802421,cc,343,0.11078717201166181,1.8460778640524195e-39
5.015768996537935,0.12049050612122812,rs6571343,30802490,cc,343,0.11370262390670553,2.8329422606352002e-37
6.518285555796397,1.8162832474093795,rs179082,30806831,cc,343,0.0029154518950437317,2.0004108983646704e-06
4.963226339652759,0.11643939164676077,rs7159882,30807799,cc,343,0.11370262390670553,1.1997959975710837e-37
4.957220772951615,0.11866960522790296,rs7160082,30807894,cc,343,0.11078717201166181,4.8433197921858885e-37
6.479736020395006,0.8848073471624139,rs17427680,30810144,cc,343,0.0029154518950437317,2.7141874610917714e-11
5.126887909761274,0.07724323776296398,rs179083,30810667,cc,343,0.119533527696793,3.1213742216975436e-53
6.366376334572182,3.911794207195321,rs17096555,30816797,cc,343,0.037900874635568516,0.0014101756636017968
6.366376334572182,3.911794207195321,rs8005637,30822537,cc,343,0.037900874635568516,0.0014101756636017968
5.7769267728724,4.665506393432796,rs8018224,30824870,cc,343,0.03206997084548105,0.00784286890003998
5.299155617035758,0.12915766248751798,rs17343588,30828717,cc,343,0.08454810495626822,1.965870963851571e-38
6.419799714793532,0.5427065039069372,rs179088,30828909,cc,343,0.008746355685131196,1.2798800133450483e-16
4.602556522976119,0.06431038714394957,rs179090,30830008,cc,343,0.18950437317784258,4.933285140390015e-52
5.335596799921355,0.4406981708564771,rs11156630,30830737,cc,343,0.026239067055393587,1.5089969602261154e-14
5.062475416568034,0.14246475873766598,rs10130739,30831116,cc,343,0.08746355685131195,2.98752798197228e-33
5.727435130736417,0.7101443278422415,rs17096572,30831229,cc,343,0.011661807580174927,4.778702295910044e-11
6.393869060550665,0.9952285287384375,rs17096573,30831919,cc,343,0.008746355685131196,4.852247922807979e-10
5.081410106807224,0.21557838861571382,rs12887422,30832369,cc,343,0.05830903790087463,4.2179466303642986e-24
5.983554098600927,0.3014678845246968,rs10146422,30839557,cc,343,0.023323615160349854,6.157541427723647e-24
5.200236750748345,0.12559240708245578,rs10131977,30840016,cc,343,0.08163265306122448,3.7480955736035587e-38
6.76936253158536,2.360961725655798,rs11848893,30840134,cc,343,0.061224489795918366,1.4134167655431546e-05
6.76936253158536,2.360961725655798,rs17096593,30841040,cc,343,0.061224489795918366,1.4134167655431546e-05
6.299933822365276,1.4716457806964918,rs17096594,30841107,cc,343,0.09620991253644315,3.5568146468883264e-07
5.983554098600927,0.3014678845246968,rs10149863,30842620,cc,343,0.023323615160349854,6.157541427723647e-24
6.057285673657534,0.3917073863139361,rs9322860,30844721,cc,343,0.01749271137026239,9.69679925229763e-20
6.055017938040646,0.3965856829876641,rs17096610,30845210,cc,343,0.01749271137026239,1.5751187334247214e-19
6.396630838112793,0.5271990828105504,rs179095,30846875,cc,343,0.011661807580174927,6.414698564043192e-17
5.983554098600927,0.3014678845246968,rs1955768,30848490,cc,343,0.023323615160349854,6.157541427723647e-24
6.76936253158536,2.360961725655798,rs12589835,30848932,cc,343,0.061224489795918366,1.4134167655431546e-05
5.827774165340083,0.3523652542006656,rs7157450,30849152,cc,343,0.023323615160349854,3.312791868381056e-20
6.76936253158536,2.360961725655798,rs12590409,30849187,cc,343,0.061224489795918366,1.4134167655431546e-05
5.9604755132312395,0.7277693705914491,rs17429024,30849475,cc,343,0.0058309037900874635,1.4755208083616088e-11
6.393869060550665,0.9952285287384375,rs7148974,30853396,cc,343,0.008746355685131196,4.852247922807979e-10
6.692192331953173,2.4887467836648463,rs10483373,30857558,cc,343,0.05830903790087463,2.8546804301815454e-05
6.692192331953173,2.4887467836648463,rs17096650,30858190,cc,343,0.05830903790087463,2.8546804301815454e-05
6.387422798660616,0.8692695991369083,rs17096653,30858389,cc,343,0.0058309037900874635,3.423991796931995e-11
6.36523793266603,0.851790072108202,rs10483372,30858412,cc,343,0.0058309037900874635,2.580519062269106e-11
4.575766892029823,0.060342551540616865,rs179098,30864923,cc,343,0.19533527696793002,5.854453794755258e-54
6.2146553145395345,0.7459878431135084,rs8007072,30870187,cc,343,0.0029154518950437317,3.968604945982467e-12
5.483855439398676,0.38408593701912225,rs17096670,30872884,cc,343,0.026239067055393587,4.836737566574072e-17
5.4859203790788715,0.37980525937234233,rs17096673,30873028,cc,343,0.026239067055393587,3.282652909274216e-17
5.824747295041939,0.41446259881930336,rs2104089,30880729,cc,343,0.014577259475218658,1.122240494091721e-17
6.6079541849465855,0.9202037332694126,rs8012769,30881874,cc,343,0.008746355685131196,2.716293897898734e-11
6.006420198854794,0.753428945667086,rs10483370,30888875,cc,343,0.0029154518950437317,2.238334554898354e-11
5.454282078471886,0.34247280269046076,rs7155872,30889842,cc,343,0.029154518950437316,1.4723184012615427e-18
6.006420198854794,0.753428945667086,rs11622918,30890842,cc,343,0.0029154518950437317,2.238334554898354e-11
6.463266187485109,1.8183716590369108,rs7147298,30893512,cc,343,0.07871720116618076,2.4539233463387853e-06
5.979568457429886,0.4908385080396282,rs1570164,30896474,cc,343,0.011661807580174927,4.640408465088378e-16
5.784569400495763,0.619885685113215,rs2145576,30902139,cc,343,0.008746355685131196,1.4999027330727699e-12
5.950834822180141,0.6449401131480194,rs1956980,30905631,cc,343,0.0058309037900874635,9.978827736730583e-13
7.830564619441745,12.91920014282719,rs1956978,30908856,cc,343,0.011661807580174927,0.030044602707326427
7.048292258949349,2.4744398083440498,rs12884349,30909138,cc,343,0.0029154518950437317,1.0160132975146156e-05
6.10926453692353,0.2908220378011698,rs17096753,30914667,cc,343,0.026239067055393587,1.7778673114749254e-25
5.139363629707792,0.12123083151223539,rs3900288,30918573,cc,343,0.09620991253644315,1.708447108730294e-38
5.864903007875828,0.6932717084514622,rs10144249,30923371,cc,343,0.0058309037900874635,1.0335512840531565e-11
5.990115950831738,0.2775210815964613,rs17431135,30931925,cc,343,0.029154518950437316,1.2529095992488697e-25
5.2403040080511065,0.13443467736562012,rs1956970,30932217,cc,343,0.08163265306122448,1.1698165920138102e-36
5.908851455466977,0.8171031501809011,rs10483368,30934689,cc,343,0.0029154518950437317,2.286086918912358e-10
5.990115950831738,0.2775210815964613,rs34278316,30949375,cc,343,0.029154518950437316,1.2529095992488697e-25
5.712392353022448,0.763503966749956,rs10137439,30951205,cc,343,0.0058309037900874635,2.2763464933713225e-10
4.623848275873497,0.05629264116040795,rs1950663,30955218,cc,343,0.20408163265306123,2.0046480100292455e-57
5.308757666403714,0.1590406895865251,rs1277816,30957101,cc,343,0.06705539358600583,7.262108921953552e-33
6.2265508236710145,0.3091696096164544,rs8003828,30959900,cc,343,0.02040816326530612,5.231040653124187e-25
5.2431446932801675,0.1334711543994507,rs8007496,30965557,cc,343,0.08163265306122448,6.863818758799681e-37
5.850715726995449,0.22737201830275425,rs765135,30972664,cc,343,0.04081632653061224,6.289546430067868e-29
5.515329877023184,0.3302076914123169,rs2064768,30973168,cc,343,0.026239067055393587,1.793868221857384e-19
5.942606757155616,0.784774350048732,rs720045,30978577,cc,343,0.0029154518950437317,8.178951086577298e-11
5.990115950831738,0.2775210815964613,rs720046,30978745,cc,343,0.029154518950437316,1.2529095992488697e-25
5.909324221565319,0.8012386683101962,rs17096868,30981865,cc,343,0.0029154518950437317,1.5523297299469593e-10
6.746898790310132,1.5042101771976035,rs17096870,30984482,cc,343,0.0029154518950437317,7.406816641992307e-08
4.743055509698413,0.07659545000135869,rs424964,30985803,cc,343,0.15160349854227406,5.786406514614762e-48
5.0031252555348225,0.0800079088446491,rs17432087,30989820,cc,343,0.13702623906705538,3.554130356848426e-50
5.615202184981028,0.2332339358601553,rs17096874,30991358,cc,343,0.037900874635568516,1.4718394959261127e-26
5.0031252555348225,0.0800079088446491,rs10483367,30991507,cc,343,0.13702623906705538,3.554130356848426e-50
4.986939828983541,0.07914853384565022,rs12897219,30992511,cc,343,0.13994169096209913,2.493752630041951e-50
6.906801244730973,1.550642874737208,rs17096880,30992691,cc,343,0.0029154518950437317,5.84139645468778e-08
5.854536666371802,0.242223178324488,rs7146194,30993795,cc,343,0.03206997084548105,1.5291314579295934e-27
5.897792145279635,0.3277512845694589,rs1454980,30994543,cc,343,0.023323615160349854,7.446299237750624e-22
6.9357781333906265,1.0501140323323601,rs1454979,30994570,cc,343,0.1282798833819242,5.678329258984279e-11
6.9357781333906265,1.0501140323323601,rs10149876,30995161,cc,343,0.1282798833819242,5.678329258984279e-11
6.864485628358956,1.140120459549622,rs229213,30999606,cc,343,0.0029154518950437317,4.3240814025806153e-10
5.544369066016387,0.1830021217578328,rs229214,30999673,cc,343,0.052478134110787174,1.5872115589454382e-31
5.6365108405879045,0.20145264917611277,rs229215,30999797,cc,343,0.043731778425655975,5.255906879416079e-30
5.181966231237579,0.1416258360025456,rs2198639,31000470,cc,343,0.07871720116618076,1.2564848218982573e-34
5.610197900284459,0.20566281831276453,rs12898071,31001318,cc,343,0.043731778425655975,2.642147957326934e-29
6.73282516335677,2.145451978995299,rs8008199,31002112,cc,343,0.06705539358600583,6.050777320806283e-06
5.364895050470963,0.1629831705434216,rs11846071,31006665,cc,343,0.061224489795918366,8.889297263201305e-33
6.304588585821462,5.705330158965682,rs11628151,31007356,cc,343,0.026239067055393587,0.008683840757856276
5.014656039671217,0.08669761678258502,rs229227,31008191,cc,343,0.12244897959183673,1.5561898078186663e-47
6.73282516335677,2.145451978995299,rs8004335,31010617,cc,343,0.06705539358600583,6.050777320806283e-06
5.080725113913197,0.1237377522486448,rs11626600,31011518,cc,343,0.09329446064139942,2.9959013641475674e-37
4.992193707006174,0.09188956377389847,rs7153747,31021156,cc,343,0.119533527696793,2.796642918944744e-45
5.026410883262869,0.08684398780771364,rs12434151,31029185,cc,343,0.119533527696793,1.2289477060742464e-47
7.617596818360335,4.59341604738612,rs17348231,31030946,cc,343,0.03206997084548105,0.00043232790054891054
7.617596818360335,4.59341604738612,rs17348259,31031116,cc,343,0.03206997084548105,0.00043232790054891054
5.525011721805471,0.20509153786025644,rs1113946,31040415,cc,343,0.04664723032069971,1.1445914048507458e-28
6.0752890296627715,2.1700771190139814,rs7146136,31040974,cc,343,0.06705539358600583,4.677183466777625e-05
5.022149573633728,0.08947258338617299,rs229201,31051801,cc,343,0.11661807580174927,1.4449398309971224e-46
