beta,varbeta,snp,pos,type,N,MAF,pval
3.762232572175831,0.10371253918534086,rs11802954,226491656,cc,343,0.09037900874635568,9.24904765049326e-27
3.9790085424939514,0.09018096529811552,rs2615803,226493429,cc,343,0.10204081632653061,1.251967770058765e-32
3.075495038262173,0.07642789081858203,rs9286999,226494515,cc,343,0.15743440233236153,9.589710517046376e-25
5.325751371599798,2.919512142743276,rs2615762,226498612,cc,343,0.037900874635568516,0.001982357098430634
4.001099038346396,0.0911122433174848,rs2666429,226500327,cc,343,0.09912536443148688,1.1949433231259085e-32
4.001099038346396,0.0911122433174848,rs1813323,226500831,cc,343,0.09912536443148688,1.1949433231259085e-32
3.555415182660286,0.10601173223995838,rs10915971,226508645,cc,343,0.08163265306122448,5.1470088449563695e-24
3.379549866033714,0.0408091755505937,rs10915975,226521192,cc,343,0.22740524781341107,2.5235340465883406e-46
3.384677124946042,0.042292726609353175,rs10915976,226521979,cc,343,0.24198250728862974,3.07757288587679e-45
3.796814342646411,0.10241079028797899,rs11800726,226523560,cc,343,0.08454810495626822,1.9904232945917654e-27
3.2913214675641527,0.0612580298327586,rs874583,226536645,cc,343,0.18950437317784258,8.2005539013428e-33
3.3452460299667583,0.06534860771674555,rs10915985,226539750,cc,343,0.1749271137026239,5.288157108514838e-32
4.538717594292643,0.24001087908856186,rs1991865,226541051,cc,343,0.02040816326530612,2.2374028899283307e-18
3.5246131146741666,0.11980296777006534,rs6426551,226542049,cc,343,0.08163265306122448,1.9067209735734248e-21
3.298624587279339,0.05569969558868546,rs12567614,226544420,cc,343,0.19825072886297376,1.9799337638771367e-35
4.200384549668697,0.1628720875895907,rs8679,226548554,cc,343,0.04664723032069971,3.202607611608495e-22
4.200384549668697,0.1628720875895907,rs2271347,226549498,cc,343,0.04664723032069971,3.202607611608495e-22
4.538717594292643,0.24001087908856186,rs747658,226551178,cc,343,0.02040816326530612,2.2374028899283307e-18
3.9246483298014496,0.23576675457782434,rs1136410,226555302,cc,343,0.03498542274052478,1.1043479979386925e-14
4.4687211602943595,0.8089832391158578,rs3219123,226555348,cc,343,0.13119533527696792,1.0688978199030073e-06
3.9246483298014496,0.23576675457782434,rs2027440,226563859,cc,343,0.03498542274052478,1.1043479979386925e-14
4.1346673331596335,0.2836184258892855,rs3219095,226563882,cc,343,0.026239067055393587,9.653572904112712e-14
3.723145590493262,0.08744152194929523,rs3219090,226564691,cc,343,0.10787172011661808,3.962769487426987e-30
4.1390428901330925,0.2863884786498277,rs1805410,226568665,cc,343,0.026239067055393587,1.1759366448825694e-13
3.9246483298014496,0.23576675457782434,rs2117114,226571619,cc,343,0.03498542274052478,1.1043479979386925e-14
4.538717594292643,0.24001087908856186,rs3219058,226572794,cc,343,0.02040816326530612,2.2374028899283307e-18
3.694820635603895,0.08438786916767775,rs1805414,226573364,cc,343,0.11370262390670553,1.3028859464883826e-30
4.538717594292643,0.24001087908856186,rs1805408,226573402,cc,343,0.02040816326530612,2.2374028899283307e-18
3.9246483298014496,0.23576675457782434,rs2255403,226576270,cc,343,0.03498542274052478,1.1043479979386925e-14
4.538717594292643,0.24001087908856186,rs2293464,226576296,cc,343,0.02040816326530612,2.2374028899283307e-18
4.538717594292643,0.24001087908856186,rs4653445,226576906,cc,343,0.02040816326530612,2.2374028899283307e-18
3.9246483298014496,0.23576675457782434,rs932002,226577306,cc,343,0.03498542274052478,1.1043479979386925e-14
3.9246483298014496,0.23576675457782434,rs1805411,226578047,cc,343,0.03498542274052478,1.1043479979386925e-14
4.538717594292643,0.24001087908856186,rs1073991,226581074,cc,343,0.02040816326530612,2.2374028899283307e-18
4.538717594292643,0.24001087908856186,rs10799349,226585516,cc,343,0.02040816326530612,2.2374028899283307e-18
3.9246483298014496,0.23576675457782434,rs2793658,226587442,cc,343,0.03498542274052478,1.1043479979386925e-14
3.723145590493262,0.08744152194929523,rs2666428,226589709,cc,343,0.10787172011661808,3.962769487426987e-30
4.538717594292643,0.24001087908856186,rs1805407,226589833,cc,343,0.02040816326530612,2.2374028899283307e-18
3.9246483298014496,0.23576675457782434,rs1805404,226589958,cc,343,0.03498542274052478,1.1043479979386925e-14
4.538717594292643,0.24001087908856186,rs3219027,226590413,cc,343,0.02040816326530612,2.2374028899283307e-18
3.6289824292254815,0.08308706638594214,rs2249844,226601135,cc,343,0.11661807580174927,3.995734540738737e-30
3.6289824292254815,0.08308706638594214,rs1397550,226601242,cc,343,0.11661807580174927,3.995734540738737e-30
4.538717594292643,0.24001087908856186,rs10915987,226601681,cc,343,0.02040816326530612,2.2374028899283307e-18
3.6230078008663567,0.08208788206834347,rs1865222,226601884,cc,343,0.119533527696793,2.469753136143344e-30
3.6289824292254815,0.08308706638594214,rs1865220,226602286,cc,343,0.11661807580174927,3.995734540738737e-30
3.757320735446645,0.2138307323834082,rs2570367,226602510,cc,343,0.04081632653061224,8.230587385066669e-15
3.9473437331577808,0.14862808929455323,rs10915988,226610464,cc,343,0.06705539358600583,1.2262829294218268e-21
3.937658513060769,0.1498223279718988,rs10915989,226610638,cc,343,0.06705539358600583,2.063613645926018e-21
3.790311576120583,0.19599162751294,rs1527365,226611363,cc,343,0.04664723032069971,3.835779398967823e-16
4.2002732744389775,0.2018676355103488,rs12025226,226612023,cc,343,0.04081632653061224,1.1894411356523857e-18
3.6469059147406764,0.12862982387618552,rs907186,226612949,cc,343,0.06997084548104957,2.139668418108044e-21
3.3696464787539933,0.053537006628156185,rs6426461,226613233,cc,343,0.20116618075801748,1.01794848310398e-37
3.9055722283934324,0.15975415189392614,rs4653737,226613399,cc,343,0.04956268221574344,4.733176629913906e-20
3.5039477228563967,0.10202202071557229,rs10915993,226618382,cc,343,0.09912536443148688,3.411251568781554e-24
3.5206066607994826,0.1192634801157636,rs1317646,226621778,cc,343,0.08746355685131195,1.7426539466611544e-21
5.585873802484589,1.6058012287333263,rs907189,226622461,cc,343,0.0029154518950437317,1.3983492133312068e-05
3.056991511352003,0.04576813464922411,rs2117113,226623678,cc,343,0.2565597667638484,1.2007439873402938e-36
4.17183932246858,0.4251080513874361,rs16845946,226623766,cc,343,0.011661807580174927,5.165178926187385e-10
3.2720544531004236,0.05069450674851358,rs4998937,226624235,cc,343,0.22740524781341107,1.3433793682684457e-37
3.056991511352003,0.04576813464922411,rs2377311,226624910,cc,343,0.2565597667638484,1.2007439873402938e-36
3.002951921812823,0.05264415290789185,rs7534366,226625891,cc,343,0.23615160349854228,5.20027150484207e-32
3.0529614435353185,0.04639178059828888,rs7531792,226626277,cc,343,0.2594752186588921,3.375591900542177e-36
3.0615038670190575,0.04665828546466081,rs7517725,226627074,cc,343,0.2594752186588921,3.405750280399551e-36
3.0615038670190575,0.04665828546466081,rs12118824,226629656,cc,343,0.2594752186588921,3.405750280399551e-36
3.0615038670190575,0.04665828546466081,rs1980372,226633202,cc,343,0.2594752186588921,3.405750280399551e-36
3.0615038670190575,0.04665828546466081,rs1341331,226636060,cc,343,0.2594752186588921,3.405750280399551e-36
5.204821105629328,1.6949620635378204,rs7519548,226637095,cc,343,0.0641399416909621,7.834565621170015e-05
3.0615038670190575,0.04665828546466081,rs7533091,226637200,cc,343,0.2594752186588921,3.405750280399551e-36
3.0615038670190575,0.04665828546466081,rs7528727,226637326,cc,343,0.2594752186588921,3.405750280399551e-36
3.2595489703687734,0.05076143274567622,rs12122349,226637571,cc,343,0.2303206997084548,2.4166830386166636e-37
3.438670432799203,0.17871413736561373,rs7522962,226638189,cc,343,0.052478134110787174,7.74704139873333e-15
3.0530812086304016,0.04723290476056887,rs7541891,226638790,cc,343,0.2594752186588921,1.0463128021772925e-35
5.585681600833528,1.354394898725886,rs10495245,226640376,cc,343,0.0029154518950437317,2.379964872856444e-06
5.480866750619006,1.3061571571542094,rs11580815,226640677,cc,343,0.0029154518950437317,2.4236285532377063e-06
3.496294806031657,0.18602871692473238,rs2056723,226645063,cc,343,0.04664723032069971,9.394645664824061e-15
3.4476810328117766,0.18088948388013362,rs750426,226648663,cc,343,0.052478134110787174,9.391778490711799e-15
3.7696604125257123,0.106297054815394,rs4653743,226653478,cc,343,0.09620991253644315,2.5343486483282123e-26
4.143816679349101,0.3250976049392847,rs2099380,226654252,cc,343,0.01749271137026239,2.5006648370235552e-12
4.04534426376579,0.1666101582115577,rs12033699,226655011,cc,343,0.04664723032069971,1.6092326705214367e-20
4.044922045361995,0.16544823091050262,rs6679800,226661379,cc,343,0.04664723032069971,1.2379496657456086e-20
4.143816679349101,0.3250976049392847,rs10799353,226662799,cc,343,0.01749271137026239,2.5006648370235552e-12
3.7948816430488694,0.10299109837362012,rs898834,226670795,cc,343,0.09620991253644315,2.7798281298553133e-27
3.477389710334254,0.162773577707406,rs898833,226670999,cc,343,0.05830903790087463,2.54212452720238e-16
3.651206035763871,0.12640858911552957,rs7551258,226671906,cc,343,0.08454810495626822,9.629290089961149e-22
3.5073073658648752,0.061855643259262974,rs4653745,226675933,cc,343,0.1749271137026239,6.447119595928916e-36
4.5442977506772415,0.4893617725496391,rs11588657,226676299,cc,343,0.0029154518950437317,2.9098240535899946e-10
4.5442977506772415,0.4893617725496391,rs11578771,226676657,cc,343,0.0029154518950437317,2.9098240535899946e-10
3.389498491386573,0.15051960914534582,rs11811075,226676736,cc,343,0.0641399416909621,1.0909426020472575e-16
3.63975156695488,0.1280663635551637,rs17519476,226677818,cc,343,0.08454810495626822,2.1003525179215598e-21
3.5199220889918315,0.15604727752314143,rs990618,226678384,cc,343,0.05830903790087463,3.074773261846437e-17
4.704039223959331,0.7159344383243551,rs1017767,226678468,cc,343,0.1457725947521866,5.457376646751058e-08
3.5060096138771244,0.08162386223306427,rs12402021,226683251,cc,343,0.14285714285714285,6.192703427535618e-29
3.9769555872136153,0.23455824220923868,rs550705,226692848,cc,343,0.04081632653061224,4.527918243925222e-15
4.654624112800951,0.6096127071863638,rs7524430,226693542,cc,343,0.008746355685131196,6.225337176385721e-09
3.068153303928282,0.04753612519254793,rs1151815,226694739,cc,343,0.24489795918367346,8.420656209361985e-36
4.14786620981212,0.15841982754326792,rs506128,226702300,cc,343,0.043731778425655975,2.88039044374944e-22
3.9451346080318688,0.13190828003410285,rs1287949,226703467,cc,343,0.061224489795918366,8.216407611881816e-24
4.159285751362038,0.17373693723660302,rs11585765,226704825,cc,343,0.04081632653061224,9.477519257752064e-21
4.088085865491733,0.17165188483580757,rs1151813,226705372,cc,343,0.04081632653061224,2.2554939071221122e-20
5.7269005906187935,1.9584068527627103,rs16846058,226707616,cc,343,0.05539358600583091,5.332538907460918e-05
3.893328215194101,0.12036951980473744,rs751685,226708302,cc,343,0.06705539358600583,4.305017858622282e-25
3.230789404196946,0.06067534344281692,rs584297,226708481,cc,343,0.18658892128279883,4.0664306914288687e-32
3.810811820015361,0.10209942310948986,rs6684458,226708690,cc,343,0.09037900874635568,1.1782639317155139e-27
3.9627085974286276,0.1454170109940714,rs12043214,226709011,cc,343,0.061224489795918366,3.6473943465294495e-22
4.248653794051901,0.19425588153496606,rs11584545,226709873,cc,343,0.03206997084548105,1.3031001918064316e-19
3.9610202730594195,0.14452279871114498,rs644198,226710870,cc,343,0.061224489795918366,2.9254617604197873e-22
4.333893527870506,0.6420765816709726,rs10799360,226716479,cc,343,0.008746355685131196,1.1956013415581198e-07
3.6775151080666992,0.08718244471401748,rs7545563,226717942,cc,343,0.10787172011661808,1.281472426448936e-29
3.2957108456617803,0.06935928623749184,rs4653749,226721502,cc,343,0.15451895043731778,7.693096928917806e-30
4.098405692562556,0.16301556015988597,rs6668015,226727904,cc,343,0.04664723032069971,2.4583259430098242e-21
3.2617073269088204,0.06871818312609218,rs16846092,226729492,cc,343,0.16034985422740525,1.425418193428225e-29
3.27211671917635,0.06725889013013298,rs12751898,226729793,cc,343,0.1661807580174927,3.158403635250543e-30
3.2659965590463194,0.06914955731184795,rs4653450,226730436,cc,343,0.16034985422740525,1.7312684999748253e-29
4.19604429906094,0.3971596293366117,rs708741,226737202,cc,343,0.011661807580174927,1.1059003308689679e-10
4.47398673507213,0.348053382219668,rs837748,226737845,cc,343,0.011661807580174927,3.2027509238456575e-13
6.806347465036359,3.7677235345689466,rs603609,226738546,cc,343,0.029154518950437316,0.0005145666060129071
4.272988530811369,0.3901560413258459,rs708743,226739447,cc,343,0.011661807580174927,3.6414661832007867e-11
4.890333882618632,0.9572248582641835,rs6426529,226748097,cc,343,0.0029154518950437317,9.248206488771828e-07
4.26561340239485,0.3853565415332942,rs552825,226748343,cc,343,0.011661807580174927,3.0169897916310335e-11
3.7645775965511454,0.6201173318479047,rs16846117,226752447,cc,343,0.0058309037900874635,2.6009731285226258e-06
3.8372194777691586,0.17379000241505974,rs6668379,226755313,cc,343,0.04664723032069971,3.499205980075179e-18
3.742187415468225,0.656049290613748,rs7533202,226755953,cc,343,0.0058309037900874635,5.438955088164716e-06
3.742187415468225,0.656049290613748,rs7525939,226755971,cc,343,0.0058309037900874635,5.438955088164716e-06
4.182128219838256,0.28534017338431233,rs12024134,226760026,cc,343,0.01749271137026239,6.218839547179488e-14
3.549604053056001,0.057896201000564716,rs655682,226760774,cc,343,0.18658892128279883,1.8438924102286278e-38
5.385308332221593,0.94235298589691,rs2889481,226762368,cc,343,0.11078717201166181,5.8091251849610744e-08
2.951628468817341,0.04987697196981521,rs837444,226763678,cc,343,0.24198250728862974,1.6841419211688134e-32
3.7824091086230545,0.08129651179340824,rs1151809,226764155,cc,343,0.12536443148688048,1.0900670465791338e-32
5.3705681379557095,0.9705774512225492,rs6691873,226764886,cc,343,0.10787172011661808,9.589476226185625e-08
3.7424095296575404,0.08026466147382619,rs635530,226766581,cc,343,0.12536443148688048,1.7874906312737037e-32
3.209134461267179,0.0459726929040911,rs483048,226767027,cc,343,0.26239067055393583,2.6238996329632653e-39
3.5399303372954742,0.529037705638759,rs4653757,226769025,cc,343,0.011661807580174927,1.7341871643443658e-06
3.023884870695367,0.052920259505167086,rs589616,226769798,cc,343,0.24489795918367346,3.158631203397641e-32
3.7865907289555993,0.08120396593487657,rs522398,226771752,cc,343,0.1282798833819242,8.96174406115441e-33
3.7865907289555993,0.08120396593487657,rs837919,226772712,cc,343,0.1282798833819242,8.96174406115441e-33
3.5542639845511177,0.19401945082228833,rs12035052,226772889,cc,343,0.04956268221574344,1.2128820626157853e-14
3.7865907289555993,0.08120396593487657,rs1151808,226774009,cc,343,0.1282798833819242,8.96174406115441e-33
4.3633093370661955,0.44473975159099544,rs865682,226774042,cc,343,0.014577259475218658,2.206023873587488e-10
3.509611869892221,0.06432311885107025,rs528089,226778432,cc,343,0.1749271137026239,6.830228270758212e-35
3.925946578789267,0.8842613319210921,rs17580122,226778586,cc,343,0.0029154518950437317,3.785424195238653e-05
3.1711075388780063,0.06817623492048462,rs2282426,226778821,cc,343,0.17201166180758018,1.8328360919961048e-28
3.660650732417198,0.20027659113586954,rs497911,226779449,cc,343,0.043731778425655975,5.645479655899438e-15
3.0568800035039745,0.0564360991300894,rs597429,226784188,cc,343,0.22157434402332363,3.5722021066195893e-31
3.5029822084305877,0.061944300002154104,rs708753,226785530,cc,343,0.18075801749271136,8.246299318831331e-36
3.5027281422342904,0.061704944232557374,rs708754,226785742,cc,343,0.18075801749271136,6.518255842366397e-36
3.85750200944444,0.31458026383688126,rs12086463,226790197,cc,343,0.026239067055393587,2.904289056956147e-11
4.286860490555793,0.34865534389647057,rs878149,226790403,cc,343,0.014577259475218658,2.6249102995379644e-12
4.138837253777334,0.10297826882231187,rs878148,226790621,cc,343,0.07871720116618076,2.7535955950321013e-31
3.9384705635697728,0.22382946846659715,rs3820632,226790951,cc,343,0.03498542274052478,2.053462824918635e-15
3.0873018889694572,0.05395800156613745,rs1151805,226791238,cc,343,0.22740524781341107,8.74350516955364e-33
3.9384705635697728,0.22382946846659715,rs7512486,226792088,cc,343,0.03498542274052478,2.053462824918635e-15
3.705184147799928,0.07602460361975803,rs1461920,226794525,cc,343,0.13119533527696792,2.385506157599512e-33
3.393364338837899,0.050450913450449816,rs697839,226795975,cc,343,0.21282798833819241,7.314066502401519e-40
3.690303398776165,0.1208050168079833,rs6663978,226797334,cc,343,0.06997084548104957,5.974869491377235e-23
3.690303398776165,0.1208050168079833,rs6664080,226797426,cc,343,0.06997084548104957,5.974869491377235e-23
3.4871412029903053,0.09455001964421104,rs587043,226797522,cc,343,0.10204081632653061,1.6080056336033823e-25
3.808553689500664,0.9333826679927998,rs17580764,226797654,cc,343,0.0029154518950437317,9.796692548235796e-05
3.672175891651744,0.12185899917597778,rs6697883,226797733,cc,343,0.06997084548104957,1.312712124488231e-22
3.690303398776165,0.1208050168079833,rs10799362,226798328,cc,343,0.06997084548104957,5.974869491377235e-23
4.15760858005222,0.2592332404890341,rs1124034,226806867,cc,343,0.03498542274052478,6.2220197544117205e-15
3.4298616012552063,0.05875715532244937,rs708757,226807512,cc,343,0.18658892128279883,4.209345673488362e-36
3.5745275689086027,0.08348113677753473,rs10916019,226810146,cc,343,0.12536443148688048,2.6265382280793026e-29
4.4608288116954276,0.48392424467558914,rs7533764,226812231,cc,343,0.011661807580174927,4.758982219508223e-10
3.6989411375480836,0.09412359050774324,rs6696348,226817467,cc,343,0.10495626822157435,3.8898911069518204e-28
4.280485861680008,0.26119790615168376,rs697845,226817556,cc,343,0.026239067055393587,1.4371758202569884e-15
4.118428053926454,0.2784034999205126,rs697846,226817699,cc,343,0.023323615160349854,7.299913598139012e-14
3.7046515412686163,0.08417516883744511,rs1144841,226819073,cc,343,0.11661807580174927,8.440193409886167e-31
4.215663152122611,0.48271792005470926,rs1144840,226819833,cc,343,0.014577259475218658,3.4432492338494754e-09
3.9763834569742174,0.12273604060264764,rs1050492,226820500,cc,343,0.0728862973760933,1.4860586213842258e-25
4.359447545052696,0.46485455863621494,rs1144838,226821306,cc,343,0.014577259475218658,5.302606331909894e-10
4.181632181640868,0.2853523042165723,rs3754378,226823756,cc,343,0.02040816326530612,6.264929873509467e-14
4.050861288626382,0.13967199298523914,rs1288460,226824606,cc,343,0.05830903790087463,9.933137308058343e-24
4.39947288106208,0.30149535191193166,rs2236604,226825341,cc,343,0.02040816326530612,1.7908508629169568e-14
4.435775314470609,0.47714982991347393,rs10495246,226826484,cc,343,0.014577259475218658,4.512091389531763e-10
4.058703681791952,0.1359454116205514,rs1288934,226828038,cc,343,0.061224489795918366,2.5030119419517632e-24
4.435775314470609,0.47714982991347393,rs17522524,226829990,cc,343,0.014577259475218658,4.512091389531763e-10
4.435775314470609,0.47714982991347393,rs3820635,226832211,cc,343,0.014577259475218658,4.512091389531763e-10
4.416302249135559,0.28838578788432245,rs3754380,226832323,cc,343,0.02040816326530612,4.158331082245601e-15
3.5493167444812266,0.06350360459561281,rs1144836,226833304,cc,343,0.16326530612244897,7.540069699302568e-36
4.5681691750211195,0.2537546008897812,rs3768371,226833608,cc,343,0.023323615160349854,9.617799703813445e-18
3.5162790953553817,0.06094136218358271,rs1144835,226835214,cc,343,0.17201166180758018,1.807488030095811e-36
4.604167604562273,0.2359692217763911,rs3768373,226836036,cc,343,0.023323615160349854,4.466128411252206e-19
4.107317628991775,0.31545559187553196,rs12076436,226836077,cc,343,0.01749271137026239,1.8699188562197644e-12
3.5077233536885735,0.06160255040913007,rs4653762,226836190,cc,343,0.17201166180758018,4.899870879676212e-36
3.5077233536885735,0.06160255040913007,rs2298169,226836590,cc,343,0.17201166180758018,4.899870879676212e-36
4.643780865860091,4.815921250194749,rs41440951,226842299,cc,343,0.023323615160349854,0.035060200125857414
4.480176168806986,0.2665750664217431,rs12077348,226845506,cc,343,0.02040816326530612,1.6727441369874605e-16
4.2000109268413555,0.35500211181035396,rs12739464,226845534,cc,343,0.014577259475218658,9.998409573879466e-12
4.115118420945915,0.5002285632759609,rs3768376,226845724,cc,343,0.014577259475218658,1.3670438316143947e-08
3.2891579595980946,0.13099931440556611,rs3754390,226851963,cc,343,0.08454810495626822,8.348243192751787e-18
4.411966282969061,0.27668868166075206,rs1288938,226852155,cc,343,0.02040816326530612,1.3194433127062226e-15
4.292842953270504,0.1770729357650748,rs12094617,226859676,cc,343,0.03498542274052478,1.6468279435803569e-21
4.292842953270504,0.1770729357650748,rs3768386,226864525,cc,343,0.03498542274052478,1.6468279435803569e-21
4.329753543105053,0.2454295681432716,rs708766,226865254,cc,343,0.02040816326530612,1.0657010903365199e-16
4.415981184997156,0.2655567753467146,rs3820640,226868918,cc,343,0.02040816326530612,3.629427429747636e-16
4.292842953270504,0.1770729357650748,rs940659,226875552,cc,343,0.03498542274052478,1.6468279435803569e-21
4.292842953270504,0.1770729357650748,rs3768394,226880930,cc,343,0.03498542274052478,1.6468279435803569e-21
4.2076675301289495,0.15584855247733592,rs697851,226883325,cc,343,0.04664723032069971,4.296008737144018e-23
4.292842953270504,0.1770729357650748,rs1341283,226884755,cc,343,0.03498542274052478,1.6468279435803569e-21
4.288865065908566,0.17581417857356055,rs3768402,226890837,cc,343,0.03498542274052478,1.3308275758079462e-21
3.6044649541790745,0.18378283904396855,rs3768405,226900415,cc,343,0.04956268221574344,1.1430084261203342e-15
3.938163410174486,0.4821085209825478,rs17589895,226903988,cc,343,0.01749271137026239,3.010903013240469e-08
4.5784249468442795,0.28109195129452297,rs3768408,226910340,cc,343,0.01749271137026239,2.2582405817095154e-16
3.541704215681041,0.05714906619575714,rs708770,226912135,cc,343,0.18658892128279883,1.0412580906642923e-38
4.5784249468442795,0.28109195129452297,rs3768411,226912196,cc,343,0.01749271137026239,2.2582405817095154e-16
3.52943516182801,0.056730950767528356,rs708772,226912891,cc,343,0.18950437317784258,1.0134730809722275e-38
4.5464530217764025,0.25689248399253156,rs697852,226914734,cc,343,0.01749271137026239,1.986862789461462e-17
3.076161847962485,0.054503303058266395,rs3768414,226917898,cc,343,0.22157434402332363,2.3924455181178193e-32
3.8093278381981355,0.0898814497532644,rs10495249,226919119,cc,343,0.10204081632653061,1.4571124727144704e-30
3.8212753046386516,0.09051802960799148,rs708773,226920730,cc,343,0.09912536443148688,1.5223884950610344e-30
3.794764413381303,0.08975825833991807,rs708775,226923264,cc,343,0.10204081632653061,2.0599979096056234e-30
5.37512998791795,0.9426732298912974,rs708776,226923505,cc,343,0.11078717201166181,6.167586878468582e-08
3.0943681292532705,0.054522267769041725,rs6667260,226923938,cc,343,0.21865889212827988,1.229439170476329e-32
3.2921062973971136,0.051533517187042355,rs1110033,226928864,cc,343,0.22157434402332363,1.7683168985438357e-37
4.299514160230211,0.18838147546614054,rs2091249,226929328,cc,343,0.03498542274052478,1.668667747098833e-20
3.3400322272985834,0.05007516437766571,rs708777,226933722,cc,343,0.22157434402332363,3.8160253980400113e-39
3.3220084383894815,0.0492177822667091,rs835671,226941590,cc,343,0.22740524781341107,2.463252910347077e-39
4.31093043745795,0.18511940560413026,rs7540797,226947468,cc,343,0.03498542274052478,6.890316333537681e-21
3.2382151580377627,0.11718682737685009,rs4653466,226947978,cc,343,0.09037900874635568,5.146119204258206e-19
3.0313430785593978,0.10913078855241709,rs10916034,226952315,cc,343,0.10204081632653061,4.3248457044781335e-18
3.4424453437878846,0.043413234935031755,rs12729579,226956181,cc,343,0.22448979591836735,1.714269077196045e-45
3.2382151580377627,0.11718682737685009,rs10916036,226959301,cc,343,0.09037900874635568,5.146119204258206e-19
3.4440227247899022,0.043225657395211746,rs10799366,226959680,cc,343,0.22157434402332363,1.1488467139062434e-45
4.338046768751074,0.1482653720599189,rs835673,226960025,cc,343,0.04664723032069971,2.983747118864586e-25
3.4440227247899022,0.043225657395211746,rs12033364,226965174,cc,343,0.22157434402332363,1.1488467139062434e-45
3.4424453437878846,0.043413234935031755,rs4653468,226965334,cc,343,0.22448979591836735,1.714269077196045e-45
3.4427514129072945,0.14521353860741304,rs708761,226968814,cc,343,0.05830903790087463,1.236791368913683e-17
3.2754562376261016,0.16982466863870407,rs12409752,226969857,cc,343,0.04956268221574344,2.774664328885977e-14
3.0226205408953697,0.057225233615991,rs6684472,226971029,cc,343,0.21282798833819241,2.690895610720955e-30
4.33024084000765,0.10255887668271628,rs835661,226972422,cc,343,0.06705539358600583,1.1385086123355657e-33
3.7354666328817894,0.15834155026197508,rs10495250,226973381,cc,343,0.0641399416909621,8.871830501454553e-19
3.2907253221331114,0.15332149763899605,rs6703170,226975270,cc,343,0.061224489795918366,1.1744017031647244e-15
4.167564692305371,0.09762454738617746,rs10916039,226976569,cc,343,0.07580174927113703,5.747963644734772e-33
3.6760570544263365,0.1537139172885116,rs6690578,226978332,cc,343,0.06997084548104957,9.659216906364165e-19
3.7250338758084034,0.07594011718111733,rs10916042,226989158,cc,343,0.119533527696793,1.1803316879015787e-33
3.50167496247922,0.0674057453446511,rs6426541,226990261,cc,343,0.15743440233236153,1.5404478957283077e-33
4.89645370527836,1.6269320101641722,rs6657842,226992966,cc,343,0.0029154518950437317,0.00014726757979827997
4.198706725154495,0.2657845802362808,rs6660716,226999183,cc,343,0.023323615160349854,7.223635590565962e-15
4.198706725154495,0.2657845802362808,rs6426546,227003981,cc,343,0.023323615160349854,7.223635590565962e-15
4.198706725154495,0.2657845802362808,rs6660109,227006972,cc,343,0.023323615160349854,7.223635590565962e-15
5.026992940057988,0.7067453359885509,rs12128690,227007089,cc,343,0.1457725947521866,5.6291891808788055e-09
3.224456352813383,0.07231435067188675,rs6674701,227007182,cc,343,0.16326530612244897,6.820592883062774e-28
4.182600226210496,0.2636201709462636,rs6678134,227007453,cc,343,0.023323615160349854,7.124562256224095e-15
3.4738745660677304,0.19297020581959923,rs12405779,227008502,cc,343,0.04664723032069971,3.6470946299235687e-14
3.224456352813383,0.07231435067188675,rs6426548,227013878,cc,343,0.16326530612244897,6.820592883062774e-28
3.224456352813383,0.07231435067188675,rs7547071,227014390,cc,343,0.16326530612244897,6.820592883062774e-28
3.224456352813383,0.07231435067188675,rs6697431,227015198,cc,343,0.16326530612244897,6.820592883062774e-28
3.5483439025005694,0.15641172727969485,rs6426549,227015552,cc,343,0.05830903790087463,1.958697374749516e-17
4.198706725154495,0.2657845802362808,rs9660802,227017031,cc,343,0.023323615160349854,7.223635590565962e-15
4.954628778166418,1.7023942752693115,rs6660906,227031844,cc,343,0.0029154518950437317,0.00017301058902740332
4.178072241214741,0.2612126828017012,rs10916054,227033813,cc,343,0.023323615160349854,5.843893693758865e-15
4.198706725154495,0.2657845802362808,rs12128150,227037223,cc,343,0.023323615160349854,7.223635590565962e-15
4.198706725154495,0.2657845802362808,rs1150895,227056091,cc,343,0.023323615160349854,7.223635590565962e-15
4.309244588513733,0.25795741592794175,rs1295645,227059037,cc,343,0.023323615160349854,6.643590630209749e-16
4.239746672779903,0.19925831182276685,rs1297990,227060342,cc,343,0.03498542274052478,3.841544308976753e-19
3.322926702473426,0.051115210621337254,rs2073489,227063671,cc,343,0.22740524781341107,3.02160600006831e-38
4.30615610805906,0.2059928086223727,rs17391089,227067656,cc,343,0.03498542274052478,4.1518442997606896e-19
4.202823821373093,0.1969619108063132,rs11405,227069677,cc,343,0.03498542274052478,4.750792675135275e-19
3.198706144637227,0.06889738952902941,rs6759,227069737,cc,343,0.1749271137026239,1.2864226099984441e-28
3.198706144637227,0.06889738952902941,rs1295640,227070378,cc,343,0.1749271137026239,1.2864226099984441e-28
3.198706144637227,0.06889738952902941,rs1046240,227071525,cc,343,0.1749271137026239,1.2864226099984441e-28
4.190157220327052,0.19569927782342422,rs2236913,227074125,cc,343,0.03498542274052478,4.683967945144636e-19
3.233534125446763,0.06348020028250502,rs2246221,227075402,cc,343,0.1836734693877551,4.795431824297695e-31
4.585579216398273,0.21932034452738436,rs1800680,227075984,cc,343,0.029154518950437316,4.050159592657749e-20
4.198627166144947,0.19393783154230934,rs1800678,227078592,cc,343,0.03498542274052478,2.920848802469597e-19
3.4368233504001724,0.18850160512195624,rs3213436,227081305,cc,343,0.04956268221574344,3.457854193254311e-14
4.245615595962386,0.25223058108148166,rs2855563,227082346,cc,343,0.023323615160349854,8.273081834696647e-16
3.42980447259164,0.18737526268635316,rs6426554,227082445,cc,343,0.04956268221574344,3.2851168432103273e-14
3.7846234658416833,0.12421158483883275,rs2802268,227084660,cc,343,0.0728862973760933,2.248230143126564e-23
3.318185906107476,0.05138585907920344,rs11802358,227085155,cc,343,0.22740524781341107,5.183641299394421e-38
3.42980447259164,0.18737526268635316,rs1800672,227085462,cc,343,0.04956268221574344,3.2851168432103273e-14
3.42980447259164,0.18737526268635316,rs1800673,227085646,cc,343,0.04956268221574344,3.2851168432103273e-14
3.4343721407535632,0.18855085290169796,rs16846644,227087243,cc,343,0.04956268221574344,3.618307145050764e-14
4.247913160663497,0.2201872280872882,rs12126925,227088591,cc,343,0.04081632653061224,1.0806724240647247e-17
3.5084917272033675,0.09156219471408478,rs12405469,227090500,cc,343,0.11661807580174927,1.9294692190985776e-26
3.786907755387303,0.1457211357685119,rs6661550,227092862,cc,343,0.05539358600583091,1.4939213331964157e-20
3.6773809043793215,0.22964356222160284,rs2313007,227093321,cc,343,0.04664723032069971,1.7606780798426952e-13
3.2080201458970024,0.06487610817973674,rs1938386,227097039,cc,343,0.18658892128279883,3.822543229787215e-30
3.999612977455133,0.13647334926949742,rs10916066,227098588,cc,343,0.061224489795918366,1.0990523703548388e-23
3.588781506660503,0.08585945196136434,rs12041000,227103413,cc,343,0.119533527696793,7.609846265160763e-29
3.588781506660503,0.08585945196136434,rs12048223,227103466,cc,343,0.119533527696793,7.609846265160763e-29
3.2081955259760684,0.0651044469254585,rs12405828,227104807,cc,343,0.18658892128279883,4.601076293892185e-30
3.6661045690197245,0.11316880862071821,rs2000399,227110750,cc,343,0.0728862973760933,6.1540378945543715e-24
4.224657437108821,0.26258629431286384,rs16846674,227110919,cc,343,0.023323615160349854,3.603553971024893e-15
4.086998737188179,0.9519747606793022,rs6687807,227111521,cc,343,0.0029154518950437317,3.57237366049626e-05
4.281147819469802,0.5659611931350756,rs12119662,227118687,cc,343,0.011661807580174927,2.721568371319612e-08
4.913336025659683,2.931859384763895,rs16846679,227118741,cc,343,0.037900874635568516,0.0043669605518943735
3.221999579094599,0.05505414537923061,rs17319408,227118912,cc,343,0.20699708454810495,1.758575630111019e-34
3.187480072900525,0.05683733983186582,rs2872186,227121099,cc,343,0.20408163265306123,4.348912993039893e-33
3.614547639031757,0.1874157623389829,rs12145777,227122231,cc,343,0.04664723032069971,1.7274458041272109e-15
4.4243030222821496,0.45634115868989533,rs6660932,227124660,cc,343,0.011661807580174927,2.12128298570883e-10
3.262264480476646,0.06007777219630145,rs7513120,227125997,cc,343,0.18950437317784258,7.413835001400822e-33
3.3438758648681866,0.05017561809972361,rs2777840,227127618,cc,343,0.21282798833819241,3.7402071769309875e-39
4.3796209580387755,1.091909308165352,rs1289473,227129720,cc,343,0.0029154518950437317,3.5362365458910745e-05
3.7316016106893515,0.10331287239108063,rs2802271,227141493,cc,343,0.09329446064139942,1.703614301401862e-26
3.6213395975628404,0.21347278950835655,rs12024326,227146433,cc,343,0.03498542274052478,5.864509020644781e-14
4.901821316213586,5.505715614394844,rs11549709,227149149,cc,343,0.02040816326530612,0.03744126984793337
4.520121925129658,0.175390135598175,rs11549708,227149203,cc,343,0.03498542274052478,1.4430172073377254e-23
3.7806368955682563,0.17997860591465037,rs1892490,227150266,cc,343,0.043731778425655975,3.0519631530609367e-17
3.7806368955682563,0.17997860591465037,rs2154367,227153930,cc,343,0.043731778425655975,3.0519631530609367e-17
3.7806368955682563,0.17997860591465037,rs2802277,227154233,cc,343,0.043731778425655975,3.0519631530609367e-17
4.147620397724617,0.15299021066883806,rs7553837,227157608,cc,343,0.052478134110787174,6.660778528186832e-23
4.082040410129114,0.39482088657297576,rs2777843,227162976,cc,343,0.011661807580174927,2.903273234518096e-10
4.082040410129114,0.39482088657297576,rs3806262,227164716,cc,343,0.011661807580174927,2.903273234518096e-10
4.256362302569675,0.1940641827366485,rs2256060,227170768,cc,343,0.03206997084548105,1.0987222790525608e-19
3.6147805920883886,0.3335249534902614,rs12739480,227171210,cc,343,0.023323615160349854,1.1587217209583128e-09
3.684439225525858,0.05458647547845953,rs12593,227172290,cc,343,0.17784256559766765,1.724853898014283e-42
4.155771953578713,0.15173898015414708,rs3768420,227173537,cc,343,0.052478134110787174,3.95831191962796e-23
3.4401588057293555,0.044088795819714456,rs3738725,227174210,cc,343,0.239067055393586,6.11395960443916e-45
3.5510905893985645,0.11679647367671238,rs8159,227174902,cc,343,0.08163265306122448,3.673668899688812e-22
4.667320403063913,0.7848219983543384,rs10482,227175119,cc,343,0.0029154518950437317,2.439976957563312e-07
3.2770800476709976,0.07158497289922883,rs10495274,227175253,cc,343,0.15451895043731778,7.56738088841292e-29
3.5024737710864864,0.1695612014175991,rs2802275,227176511,cc,343,0.052478134110787174,5.713559986285584e-16
3.562011070268701,0.052629103315332826,rs3768425,227178127,cc,343,0.19533527696793002,1.5970983403985608e-41
3.562011070268701,0.052629103315332826,rs1045290,227178700,cc,343,0.19533527696793002,1.5970983403985608e-41
3.562011070268701,0.052629103315332826,rs1045289,227178713,cc,343,0.19533527696793002,1.5970983403985608e-41
3.6085901116486188,0.133116340860872,rs2989946,227178948,cc,343,0.0641399416909621,1.8817043749460895e-20
3.562011070268701,0.052629103315332826,rs1045287,227178962,cc,343,0.19533527696793002,1.5970983403985608e-41
3.562011070268701,0.052629103315332826,rs1045286,227179037,cc,343,0.19533527696793002,1.5970983403985608e-41
3.562011070268701,0.052629103315332826,rs1045285,227179054,cc,343,0.19533527696793002,1.5970983403985608e-41
4.142229586428467,0.39337348295672936,rs2997438,227179358,cc,343,0.011661807580174927,1.5278413253046567e-10
4.293258101340424,0.13197082247537706,rs1801783,227180858,cc,343,0.05539358600583091,2.944622900575389e-27
3.4619946136234034,0.044126974371780585,rs3795445,227180947,cc,343,0.23615160349854228,2.5040801956661968e-45
3.4619946136234034,0.044126974371780585,rs3795446,227180981,cc,343,0.23615160349854228,2.5040801956661968e-45
3.562011070268701,0.052629103315332826,rs1045252,227181555,cc,343,0.19533527696793002,1.5970983403985608e-41
3.562011070268701,0.052629103315332826,rs3795449,227181838,cc,343,0.19533527696793002,1.5970983403985608e-41
3.562011070268701,0.052629103315332826,rs3795451,227181923,cc,343,0.19533527696793002,1.5970983403985608e-41
4.142229586428467,0.39337348295672936,rs2802269,227182033,cc,343,0.011661807580174927,1.5278413253046567e-10
3.765057399605774,0.22407320950574683,rs1045247,227182575,cc,343,0.03206997084548105,2.671015300994332e-14
4.110615250726699,0.14973498074696423,rs2297419,227182754,cc,343,0.05539358600583091,5.715147816360249e-23
3.562011070268701,0.052629103315332826,rs1343743,227183125,cc,343,0.19533527696793002,1.5970983403985608e-41
3.562011070268701,0.052629103315332826,rs10495273,227183359,cc,343,0.19533527696793002,1.5970983403985608e-41
3.562011070268701,0.052629103315332826,rs11587443,227187896,cc,343,0.19533527696793002,1.5970983403985608e-41
3.562011070268701,0.052629103315332826,rs6690803,227189106,cc,343,0.19533527696793002,1.5970983403985608e-41
3.562011070268701,0.052629103315332826,rs12409428,227189969,cc,343,0.19533527696793002,1.5970983403985608e-41
4.589177611781203,0.1778783824583044,rs17528049,227191656,cc,343,0.03206997084548105,7.054739366968016e-24
3.6407854609489174,0.16667232347751665,rs3818694,227192477,cc,343,0.04956268221574344,2.91354150189501e-17
3.563116833788242,0.05240026732469352,rs2297418,227192579,cc,343,0.19533527696793002,1.1210413887920554e-41
4.599158399364542,0.7513139475643574,rs1289472,227195758,cc,343,0.0029154518950437317,2.0182850271534677e-07
3.566895386891635,0.052527290928455504,rs6659424,227197875,cc,343,0.19533527696793002,1.1453527039796614e-41
3.6407854609489174,0.16667232347751665,rs4653474,227200100,cc,343,0.04956268221574344,2.91354150189501e-17
3.6719522894200063,0.6833865892961832,rs2183835,227200718,cc,343,0.008746355685131196,1.2058449833293194e-05
4.131749150273274,0.15024688399191793,rs17600747,227204557,cc,343,0.052478134110787174,4.261113607581069e-23
3.583318644884658,0.05301667409009741,rs3795453,227205331,cc,343,0.1924198250728863,1.1523882057287253e-41
3.4965657520434545,0.10989261624697262,rs3795454,227205402,cc,343,0.08746355685131195,1.0468841750067924e-22
3.148156002658898,0.06715825729726975,rs2104861,227208621,cc,343,0.18075801749271136,1.784412343465557e-28
3.4965657520434545,0.10989261624697262,rs10916076,227208662,cc,343,0.08746355685131195,1.0468841750067924e-22
4.69888694184613,0.4490163596861611,rs10916077,227212024,cc,343,0.0029154518950437317,1.2586796994512981e-11
4.131749150273274,0.15024688399191793,rs6426560,227212366,cc,343,0.052478134110787174,4.261113607581069e-23
4.599738585804145,0.7347031858542081,rs16846833,227212995,cc,343,0.0029154518950437317,1.4848891521410982e-07
3.58438532386592,0.052784686387247294,rs7535826,227213968,cc,343,0.1924198250728863,8.079922452923888e-42
4.2938002206913435,0.4807737547826486,rs4653477,227215222,cc,343,0.008746355685131196,1.697080794856388e-09
7.72992396934667,3.077937975514451,rs16846839,227215967,cc,343,0.03498542274052478,1.410791044628827e-05
3.3610934711185303,0.051635679549405004,rs1929861,227216662,cc,343,0.2099125364431487,1.2934464406482485e-38
3.437399797200386,0.08554898787666267,rs1929860,227216775,cc,343,0.12536443148688048,5.1321016943691284e-27
3.681294304671942,0.2726289398052071,rs12122759,227217340,cc,343,0.029154518950437316,9.917673283486434e-12
4.89926830308201,0.48741353604774346,rs10799379,227218515,cc,343,0.0029154518950437317,1.2188383745570137e-11
3.917456780958458,7.761488776737119,rs16846848,227218986,cc,343,0.014577259475218658,0.1605874527637773
3.562485689070222,0.06895561728925423,rs1319103,227219314,cc,343,0.1457725947521866,7.640742450585107e-34
4.187375238557866,0.16801048556447667,rs7553990,227219865,cc,343,0.04956268221574344,1.4719318666124082e-21
4.187375238557866,0.16801048556447667,rs11582863,227221123,cc,343,0.04956268221574344,1.4719318666124082e-21
3.3959921663862067,0.3211130845033666,rs16846853,227221505,cc,343,0.02040816326530612,5.229442907215305e-09
3.876771152235583,0.14280957835853558,rs11808332,227221715,cc,343,0.04956268221574344,1.0488327023879935e-21
5.115275954778023,0.3826888220992018,rs11803959,227222125,cc,343,0.008746355685131196,3.036160701817105e-15
4.694448284652473,0.7660258458132304,rs16846854,227222617,cc,343,0.0029154518950437317,1.5051143545194717e-07
5.146537572565677,0.3872174474924858,rs16846855,227222963,cc,343,0.008746355685131196,2.999408709610086e-15
3.681294304671942,0.2726289398052071,rs10495272,227223367,cc,343,0.029154518950437316,9.917673283486434e-12
2.9441694382211754,0.05118753565581068,rs7521639,227223736,cc,343,0.25072886297376096,1.0024464313506e-31
4.200034510102671,0.19390327070674496,rs12026688,227227740,cc,343,0.03206997084548105,2.832251663464555e-19
5.21458556630242,0.3907542530904611,rs10495270,227228037,cc,343,0.008746355685131196,1.81916505887513e-15
5.146537572565677,0.3872174474924858,rs11802395,227228591,cc,343,0.008746355685131196,2.999408709610086e-15
3.2675693603200116,0.05532570150039171,rs1029063,227228946,cc,343,0.20408163265306123,4.225826795519296e-35
5.146537572565677,0.3872174474924858,rs16846872,227236016,cc,343,0.008746355685131196,2.999408709610086e-15
3.3959921663862067,0.3211130845033666,rs1929867,227238196,cc,343,0.02040816326530612,5.229442907215305e-09
3.8743667999903835,0.14376193181221011,rs1929866,227238443,cc,343,0.04956268221574344,1.4434565448107135e-21
3.5684864855039047,0.0660245516184225,rs10799381,227239746,cc,343,0.15743440233236153,4.385624812364345e-35
3.681294304671942,0.2726289398052071,rs17602169,227240046,cc,343,0.029154518950437316,9.917673283486434e-12
3.3959921663862067,0.3211130845033666,rs16846890,227240201,cc,343,0.02040816326530612,5.229442907215305e-09
4.694448284652473,0.7660258458132304,rs16846892,227240430,cc,343,0.0029154518950437317,1.5051143545194717e-07
4.46956598465401,0.6512568868346188,rs10495268,227241614,cc,343,0.0058309037900874635,6.093570952216106e-08
3.681294304671942,0.2726289398052071,rs2150874,227242247,cc,343,0.029154518950437316,9.917673283486434e-12
3.5684864855039047,0.0660245516184225,rs6682642,227244600,cc,343,0.15743440233236153,4.385624812364345e-35
4.200034510102671,0.19390327070674496,rs4512610,227252451,cc,343,0.03206997084548105,2.832251663464555e-19
3.8743667999903835,0.14376193181221011,rs16846919,227255043,cc,343,0.04956268221574344,1.4434565448107135e-21
5.159681935179077,0.38682134022235987,rs10495263,227259884,cc,343,0.008746355685131196,2.5116300947063396e-15
3.5684864855039047,0.0660245516184225,rs12139758,227260519,cc,343,0.15743440233236153,4.385624812364345e-35
4.151460879913299,0.19054343551922037,rs10495260,227261403,cc,343,0.03498542274052478,3.492789133950108e-19
3.6590197304726058,0.26818962384536105,rs7526822,227263491,cc,343,0.03206997084548105,9.02047635389823e-12
3.421824639553773,0.31740140238885484,rs16846989,227264559,cc,343,0.02040816326530612,3.327778451277943e-09
3.6590197304726058,0.26818962384536105,rs1320495,227264780,cc,343,0.03206997084548105,9.02047635389823e-12
3.5684864855039047,0.0660245516184225,rs6685823,227270835,cc,343,0.15743440233236153,4.385624812364345e-35
3.858712798803546,0.14321802895255814,rs11804358,227272373,cc,343,0.04956268221574344,1.71706450933476e-21
3.8743667999903835,0.14376193181221011,rs4653787,227280087,cc,343,0.04956268221574344,1.4434565448107135e-21
5.146537572565677,0.3872174474924858,rs6701743,227280143,cc,343,0.008746355685131196,2.999408709610086e-15
4.1952342444436015,0.22148774228256854,rs4653788,227280641,cc,343,0.026239067055393587,2.9943497803398423e-17
3.9076504662274107,0.13689495077708824,rs4653789,227280717,cc,343,0.05830903790087463,9.376572850149906e-23
4.1952342444436015,0.22148774228256854,rs2104863,227288655,cc,343,0.026239067055393587,2.9943497803398423e-17
3.8743667999903835,0.14376193181221011,rs497291,227289078,cc,343,0.04956268221574344,1.4434565448107135e-21
4.1952342444436015,0.22148774228256854,rs533134,227290139,cc,343,0.026239067055393587,2.9943497803398423e-17
3.5684864855039047,0.0660245516184225,rs694740,227293451,cc,343,0.15743440233236153,4.385624812364345e-35
4.1952342444436015,0.22148774228256854,rs6664803,227295716,cc,343,0.026239067055393587,2.9943497803398423e-17
3.8743667999903835,0.14376193181221011,rs511679,227297542,cc,343,0.04956268221574344,1.4434565448107135e-21
4.200034510102671,0.19390327070674496,rs10799384,227297555,cc,343,0.03206997084548105,2.832251663464555e-19
4.652966684154184,0.6731448141503853,rs664617,227297688,cc,343,0.0029154518950437317,3.020492894537799e-08
3.8743667999903835,0.14376193181221011,rs2458521,227299978,cc,343,0.04956268221574344,1.4434565448107135e-21
4.619737563143434,0.6882082455270638,rs9426545,227302912,cc,343,0.0029154518950437317,5.197972487289567e-08
4.619737563143434,0.6882082455270638,rs629571,227304838,cc,343,0.0029154518950437317,5.197972487289567e-08
5.146537572565677,0.3872174474924858,rs12405878,227304863,cc,343,0.008746355685131196,2.999408709610086e-15
3.9758020785654313,0.12497283333444789,rs2482453,227306488,cc,343,0.0641399416909621,3.510170239780219e-25
3.3959921663862067,0.3211130845033666,rs676009,227308339,cc,343,0.02040816326530612,5.229442907215305e-09
2.6666557003804847,0.7598435973775016,rs11806633,227308416,cc,343,0.0058309037900874635,0.002394692560982341
5.21458556630242,0.3907542530904611,rs10495258,227311310,cc,343,0.008746355685131196,1.81916505887513e-15
3.8743667999903835,0.14376193181221011,rs595932,227312012,cc,343,0.04956268221574344,1.4434565448107135e-21
3.8437070543155145,0.1417857936224265,rs537004,227315938,cc,343,0.052478134110787174,1.5678121688736085e-21
3.8437070543155145,0.1417857936224265,rs558921,227316032,cc,343,0.052478134110787174,1.5678121688736085e-21
4.575446561839211,0.48853116087292564,rs17606040,227318028,cc,343,0.0029154518950437317,2.1621296127051837e-10
4.619737563143434,0.6882082455270638,rs10799385,227322075,cc,343,0.0029154518950437317,5.197972487289567e-08
3.3959921663862067,0.3211130845033666,rs6700338,227322506,cc,343,0.02040816326530612,5.229442907215305e-09
3.8743667999903835,0.14376193181221011,rs6695787,227328743,cc,343,0.04956268221574344,1.4434565448107135e-21
3.8743667999903835,0.14376193181221011,rs12139502,227330759,cc,343,0.04956268221574344,1.4434565448107135e-21
3.8743667999903835,0.14376193181221011,rs6426569,227332749,cc,343,0.04956268221574344,1.4434565448107135e-21
4.200034510102671,0.19390327070674496,rs12141869,227336876,cc,343,0.03206997084548105,2.832251663464555e-19
4.200034510102671,0.19390327070674496,rs10916097,227339895,cc,343,0.03206997084548105,2.832251663464555e-19
3.681294304671942,0.2726289398052071,rs12752546,227340790,cc,343,0.029154518950437316,9.917673283486434e-12
4.89926830308201,0.48741353604774346,rs3754419,227348349,cc,343,0.0029154518950437317,1.2188383745570137e-11
4.467607628295654,0.515636004806772,rs2313497,227349322,cc,343,0.008746355685131196,1.4375050794319438e-09
4.467607628295654,0.515636004806772,rs1877617,227352930,cc,343,0.008746355685131196,1.4375050794319438e-09
2.6666557003804847,0.7598435973775016,rs11802399,227353753,cc,343,0.0058309037900874635,0.002394692560982341
3.575918707008028,0.2538926872237595,rs2175789,227354535,cc,343,0.029154518950437316,7.408249600633255e-12
3.469286537643878,0.27458341599969727,rs1913342,227361072,cc,343,0.026239067055393587,1.385592823367275e-10
0.44149302453929296,19.515333792678984,rs11808962,227363604,cc,343,0.0058309037900874635,0.9204511543621998
4.181984779776041,0.19589933873798698,rs12742066,227371906,cc,343,0.03206997084548105,5.588818064749049e-19
5.21458556630242,0.3907542530904611,rs7535010,227374302,cc,343,0.008746355685131196,1.81916505887513e-15
3.336347215499887,0.04809682457991954,rs10753430,227374872,cc,343,0.22448979591836735,2.8032548560158275e-40
3.638447914159147,0.31938148760535756,rs12131061,227376308,cc,343,0.023323615160349854,4.094011265474356e-10
3.638447914159147,0.31938148760535756,rs11585910,227381442,cc,343,0.023323615160349854,4.094011265474356e-10
4.187375238557866,0.16801048556447667,rs1513609,227381953,cc,343,0.04956268221574344,1.4719318666124082e-21
3.8470763709674562,0.12943226871936503,rs6426585,227383595,cc,343,0.05830903790087463,3.2410021147533654e-23
3.8470763709674562,0.12943226871936503,rs6426588,227383823,cc,343,0.05830903790087463,3.2410021147533654e-23
3.5588970693495714,0.06541133693218948,rs6662583,227383889,cc,343,0.16034985422740525,3.432407435063116e-35
3.8470763709674562,0.12943226871936503,rs3768435,227387143,cc,343,0.05830903790087463,3.2410021147533654e-23
3.469286537643878,0.27458341599969727,rs3768434,227387361,cc,343,0.026239067055393587,1.385592823367275e-10
3.8470763709674562,0.12943226871936503,rs4322202,227387776,cc,343,0.05830903790087463,3.2410021147533654e-23
3.5588970693495714,0.06541133693218948,rs6692080,227390162,cc,343,0.16034985422740525,3.432407435063116e-35
3.8470763709674562,0.12943226871936503,rs6703900,227391664,cc,343,0.05830903790087463,3.2410021147533654e-23
4.467607628295654,0.515636004806772,rs2670450,227398179,cc,343,0.008746355685131196,1.4375050794319438e-09
4.184186561815873,0.16686351188250917,rs2813957,227398702,cc,343,0.04956268221574344,1.1867102697337499e-21
3.469286537643878,0.27458341599969727,rs2670458,227399188,cc,343,0.026239067055393587,1.385592823367275e-10
4.181984779776041,0.19589933873798698,rs7519752,227400418,cc,343,0.03206997084548105,5.588818064749049e-19
3.469286537643878,0.27458341599969727,rs1877619,227401170,cc,343,0.026239067055393587,1.385592823367275e-10
3.5588970693495714,0.06541133693218948,rs2813969,227404082,cc,343,0.16034985422740525,3.432407435063116e-35
5.21458556630242,0.3907542530904611,rs17613166,227404838,cc,343,0.008746355685131196,1.81916505887513e-15
3.901079397965156,0.13053222119602426,rs2090006,227410267,cc,343,0.05539358600583091,1.3919974460716445e-23
3.8470763709674562,0.12943226871936503,rs2203278,227411003,cc,343,0.05830903790087463,3.2410021147533654e-23
3.8470763709674562,0.12943226871936503,rs2718217,227415450,cc,343,0.05830903790087463,3.2410021147533654e-23
4.467607628295654,0.515636004806772,rs4653809,227417193,cc,343,0.008746355685131196,1.4375050794319438e-09
3.336347215499887,0.04809682457991954,rs1543102,227418130,cc,343,0.22448979591836735,2.8032548560158275e-40
4.467607628295654,0.515636004806772,rs2718216,227421965,cc,343,0.008746355685131196,1.4375050794319438e-09
4.187375238557866,0.16801048556447667,rs2813956,227422234,cc,343,0.04956268221574344,1.4719318666124082e-21
4.164006044972745,0.21848620541845698,rs12035190,227422862,cc,343,0.026239067055393587,3.123923944172417e-17
3.8020473390959006,0.12817684309527266,rs4630094,227431406,cc,343,0.061224489795918366,5.866261222630119e-23
4.354162336312153,0.1931753564862601,rs2813977,227434376,cc,343,0.04081632653061224,1.6602649206848955e-20
3.469286537643878,0.27458341599969727,rs2670448,227439821,cc,343,0.026239067055393587,1.385592823367275e-10
3.8020473390959006,0.12817684309527266,rs2813961,227442598,cc,343,0.061224489795918366,5.866261222630119e-23
4.143304648743399,0.30463878445031944,rs12038272,227450144,cc,343,0.01749271137026239,5.305942574947298e-13
3.8020473390959006,0.12817684309527266,rs3106474,227451152,cc,343,0.061224489795918366,5.866261222630119e-23
3.8020473390959006,0.12817684309527266,rs2670469,227452224,cc,343,0.061224489795918366,5.866261222630119e-23
3.8020473390959006,0.12817684309527266,rs1969230,227452700,cc,343,0.061224489795918366,5.866261222630119e-23
3.8020473390959006,0.12817684309527266,rs2718215,227458387,cc,343,0.061224489795918366,5.866261222630119e-23
3.8020473390959006,0.12817684309527266,rs1513604,227459379,cc,343,0.061224489795918366,5.866261222630119e-23
3.8020473390959006,0.12817684309527266,rs1513606,227459525,cc,343,0.061224489795918366,5.866261222630119e-23
3.8020473390959006,0.12817684309527266,rs4653814,227465190,cc,343,0.061224489795918366,5.866261222630119e-23
4.983203872526808,0.3760323396422129,rs4518864,227468463,cc,343,0.011661807580174927,8.17453576979958e-15
3.714927402652432,0.30814539887198006,rs10916113,227468945,cc,343,0.026239067055393587,9.005884960419739e-11
3.8020473390959006,0.12817684309527266,rs4233223,227469477,cc,343,0.061224489795918366,5.866261222630119e-23
4.407914182935405,0.5088663587053721,rs16847561,227469549,cc,343,0.0029154518950437317,1.8317284999826838e-09
3.469286537643878,0.27458341599969727,rs10495252,227471891,cc,343,0.026239067055393587,1.385592823367275e-10
3.8020473390959006,0.12817684309527266,rs10916115,227472113,cc,343,0.061224489795918366,5.866261222630119e-23
3.807096380956727,0.12881207109477363,rs10495251,227472935,cc,343,0.061224489795918366,6.469250181303931e-23
4.467607628295654,0.515636004806772,rs4306096,227473444,cc,343,0.008746355685131196,1.4375050794319438e-09
3.318319575187396,0.04795082632226111,rs7540055,227477442,cc,343,0.22740524781341107,4.80598282092842e-40
4.200789900575151,0.1970118882470352,rs4339829,227478028,cc,343,0.03206997084548105,4.963777277000899e-19
5.022622868823781,0.566103296757048,rs4653815,227481163,cc,343,0.17784256559766765,9.96565213093881e-11
3.5588970693495714,0.06541133693218948,rs7512409,227484038,cc,343,0.16034985422740525,3.432407435063116e-35
4.983203872526808,0.3760323396422129,rs7551556,227484917,cc,343,0.011661807580174927,8.17453576979958e-15
3.2493837520418145,0.06920876583326477,rs7519121,227486433,cc,343,0.16034985422740525,3.1204574217556664e-29
