beta,varbeta,snp,pos,type,N,MAF,pval
93.13635243401566,34.265675338669226,rs1248887,79651715,cc,343,0.08163265306122448,4.740219527405371e-43
84.79290104381867,18.157635566792187,rs1262002,79652154,cc,343,0.1661807580174927,4.495702341445435e-59
93.13635243401566,34.265675338669226,rs1248888,79653394,cc,343,0.08163265306122448,4.740219527405371e-43
88.03488231190404,25.464073843134152,rs1781828,79658055,cc,343,0.119533527696793,3.3461887720183112e-49
97.37940714723959,41.56418871147276,rs10430531,79660125,cc,343,0.05539358600583091,7.521847405595824e-40
114.10205912541535,1113.2372649771648,rs713139,79661802,cc,343,0.037900874635568516,0.0007024679501052393
88.03488231190404,25.464073843134152,rs1272018,79662213,cc,343,0.119533527696793,3.3461887720183112e-49
88.1672708932075,26.50401422640769,rs1248879,79673480,cc,343,0.11661807580174927,6.467995317620832e-48
87.9941557926071,25.640278891835802,rs1248895,79679689,cc,343,0.119533527696793,6.286138062081376e-49
113.26826098899103,280.93241683550787,rs35903596,79683144,cc,343,0.0029154518950437317,6.050635288195841e-11
111.42154779902486,391.3272241234325,rs7894701,79688069,cc,343,0.0029154518950437317,3.711900034153242e-08
84.76053098526873,17.66747504836223,rs1650146,79688208,cc,343,0.16909620991253643,3.8335887832512007e-60
112.00569271525045,288.68680774957977,rs1650154,79694278,cc,343,0.0029154518950437317,1.6437988162710703e-10
83.39585877359625,15.729111361953255,rs1248889,79699288,cc,343,0.18950437317784258,1.3576842883575602e-63
80.85603268454105,11.059265351403075,rs1248890,79700054,cc,343,0.239067055393586,1.547667041432769e-76
93.13654924591316,39.70998796713297,rs1248891,79700857,cc,343,0.0728862973760933,1.4344229827847942e-38
81.77105778544095,12.361327795246417,rs1366047,79704394,cc,343,0.22157434402332363,2.02306289107053e-72
84.14169041586459,15.19077287788508,rs1781807,79708718,cc,343,0.1836734693877551,7.919910903075102e-66
107.42108895043472,193.03164786281386,rs1650150,79713315,cc,343,0.008746355685131196,1.196684659031335e-13
106.21417750932886,154.1004166091518,rs4979931,79720746,cc,343,0.014577259475218658,3.9874858390171943e-16
104.36935048483204,138.22843309841798,rs4979933,79721317,cc,343,0.01749271137026239,3.9251495662959036e-17
92.82216880331178,63.8962523523769,rs2042867,79722242,cc,343,0.05539358600583091,1.6673408562232207e-26
94.56074250925752,67.98646160110005,rs12572510,79726273,cc,343,0.04956268221574344,5.556614710702392e-26
101.74785348179353,524.0613629158473,rs16935469,79729726,cc,343,0.0058309037900874635,1.1912732381662446e-05
92.36293770785113,56.39803684421188,rs735638,79732721,cc,343,0.061224489795918366,4.904236754797632e-29
91.31401539838639,69.7510365008818,rs4979935,79735473,cc,343,0.05539358600583091,4.5982631890432564e-24
92.36293770785113,56.39803684421188,rs3088264,79735775,cc,343,0.061224489795918366,4.904236754797632e-29
93.12149342638028,72.46773688868375,rs10824587,79740262,cc,343,0.04956268221574344,4.398896234817789e-24
111.09374520283865,241.07890549559326,rs3781180,79742617,cc,343,0.0058309037900874635,5.127528529004784e-12
99.0871764752653,60.91418342714056,rs2559658,79745269,cc,343,0.04664723032069971,1.5945964162800092e-30
110.81576559596081,562.771949839717,rs3815891,79745789,cc,343,0.0029154518950437317,4.3090794565412295e-06
109.71017086421423,588.4298002631255,rs16935512,79746882,cc,343,0.0029154518950437317,8.430161798265282e-06
86.9928629573698,15.955943514246385,rs2818827,79754099,cc,343,0.16034985422740525,1.3950322442592666e-66
111.09113852681995,539.5671672521637,rs2241551,79760001,cc,343,0.0029154518950437317,2.577400883401163e-06
110.81576559596081,562.771949839717,rs7474957,79760686,cc,343,0.0029154518950437317,4.3090794565412295e-06
85.30596722423772,15.137890131296329,rs2493568,79772854,cc,343,0.1749271137026239,3.636052419005629e-67
84.5148988699536,11.722489435568964,rs1863898,79779150,cc,343,0.19825072886297376,5.690049810542936e-78
87.65250621591031,20.917719144835388,rs2559825,79782276,cc,343,0.13702623906705538,4.013021713388923e-56
108.95814357357922,616.0247071665442,rs12267420,79789657,cc,343,0.0029154518950437317,1.513005918186933e-05
86.39130221894648,17.357574070714637,rs3740253,79793688,cc,343,0.15743440233236153,1.9872679132151156e-62
86.39130221894648,17.357574070714637,rs7071351,79794073,cc,343,0.15743440233236153,1.9872679132151156e-62
108.95814357357922,616.0247071665442,rs1863900,79802250,cc,343,0.0029154518950437317,1.513005918186933e-05
87.52486008004922,16.883965614041124,rs10762769,79822197,cc,343,0.15160349854227406,1.1067786782972451e-64
112.16648354168512,497.74713428383984,rs12247590,79829497,cc,343,0.0029154518950437317,8.029919161371629e-07
112.16648354168512,497.74713428383984,rs6480874,79834167,cc,343,0.0029154518950437317,8.029919161371629e-07
86.85838078061016,21.322934156825827,rs4979938,79836619,cc,343,0.13994169096209913,1.0771125384915848e-54
85.92073896663528,17.39059560085547,rs1946447,79838770,cc,343,0.16034985422740525,6.736500605700681e-62
85.92073896663528,17.39059560085547,rs10740469,79840005,cc,343,0.16034985422740525,6.736500605700681e-62
86.85838078061016,21.322934156825827,rs7067683,79840993,cc,343,0.13994169096209913,1.0771125384915848e-54
86.85838078061016,21.322934156825827,rs7068067,79841135,cc,343,0.13994169096209913,1.0771125384915848e-54
85.54729433715168,17.275685704787467,rs4979800,79843809,cc,343,0.16326530612244897,8.207919618998926e-62
111.23375925960394,518.15398422909,rs7100515,79844239,cc,343,0.0029154518950437317,1.5795563792321206e-06
87.27602145083196,21.49083459874159,rs1366064,79845286,cc,343,0.13702623906705538,9.246031215836896e-55
86.04816406866072,17.225284430804255,rs1863897,79866672,cc,343,0.16034985422740525,2.0467584793259215e-62
111.23375925960394,518.15398422909,rs717300,79868546,cc,343,0.0029154518950437317,1.5795563792321206e-06
87.07550602782811,18.611921877194533,rs2257093,79870184,cc,343,0.14868804664723032,3.237509658761982e-60
88.2725585737915,22.847247993112955,rs2252770,79871569,cc,343,0.1282798833819242,2.5781115534637135e-53
87.07550602782811,18.611921877194533,rs2257030,79874305,cc,343,0.14868804664723032,3.237509658761982e-60
87.07550602782811,18.611921877194533,rs2256986,79875209,cc,343,0.14868804664723032,3.237509658761982e-60
111.23375925960394,518.15398422909,rs7920979,79875565,cc,343,0.0029154518950437317,1.5795563792321206e-06
87.21212160698587,18.431480339709747,rs2253513,79879680,cc,343,0.14868804664723032,9.71697631224666e-61
111.23375925960394,518.15398422909,rs12243894,79880183,cc,343,0.0029154518950437317,1.5795563792321206e-06
87.07550602782811,18.611921877194533,rs2253184,79882848,cc,343,0.14868804664723032,3.237509658761982e-60
88.42173024729932,22.631482391700324,rs2253181,79883008,cc,343,0.1282798833819242,8.537323603305525e-54
88.2725585737915,22.847247993112955,rs2252903,79885031,cc,343,0.1282798833819242,2.5781115534637135e-53
118.49167467709972,386.57425437532356,rs17521955,79891227,cc,343,0.10204081632653061,4.333821214823883e-09
118.73098616260765,374.52971280375397,rs1427824,79892033,cc,343,0.10495626822157435,2.3532196536184616e-09
83.4303878084159,16.24133894044253,rs2248816,79895325,cc,343,0.18075801749271136,2.717244930159781e-62
83.4303878084159,16.24133894044253,rs4979802,79896196,cc,343,0.18075801749271136,2.717244930159781e-62
83.32511250254734,13.25684019180449,rs2114907,79903729,cc,343,0.19825072886297376,5.868652610571307e-71
112.21216338857512,517.5147432544682,rs9663187,79904050,cc,343,0.0029154518950437317,1.268639905305461e-06
118.49167467709972,386.57425437532356,rs7092503,79904144,cc,343,0.10204081632653061,4.333821214823883e-09
109.00793832568425,192.02743655661806,rs11594655,79914190,cc,343,0.008746355685131196,4.8359698162839084e-14
93.49948818074733,28.276164606292824,rs2247988,79914235,cc,343,0.09329446064139942,9.36799123867823e-50
118.21246017582394,475.24219926005736,rs4979940,79915632,cc,343,0.08454810495626822,1.1126044766253005e-07
87.08407783909658,13.977723824953538,rs2244815,79919914,cc,343,0.16909620991253643,1.47488754160161e-72
114.61273152705836,460.48939297292804,rs1008020,79925036,cc,343,0.0029154518950437317,1.6896206221627013e-07
112.75094914269384,239.99423792429175,rs1008019,79925262,cc,343,0.0029154518950437317,2.3380350581814823e-12
106.57146566998901,84.64115444752382,rs2467470,79925754,cc,343,0.026239067055393587,2.1158293412656367e-26
106.57146566998901,84.64115444752382,rs11002429,79926700,cc,343,0.026239067055393587,2.1158293412656367e-26
93.104579340279,42.995943666459915,rs10509392,79926730,cc,343,0.06705539358600583,2.7041600170176004e-36
100.8926142077951,93.92986919291988,rs10509393,79926985,cc,343,0.026239067055393587,3.1468974849607555e-22
95.88272285784771,51.07139654238496,rs1149756,79929476,cc,343,0.052478134110787174,2.8737101244881263e-33
86.86976434826946,14.708512176315333,rs1149755,79929802,cc,343,0.1661807580174927,4.9169267071950084e-70
88.13040310361205,18.407615067366923,rs1149754,79931649,cc,343,0.14285714285714285,1.1954110037394474e-61
106.51384775984698,85.61237232907412,rs11002432,79931884,cc,343,0.026239067055393587,3.8691629534220474e-26
93.3891091729148,28.530843166027203,rs10824592,79931975,cc,343,0.09329446064139942,2.350708283766058e-49
112.9215179784984,234.8423025786174,rs1149753,79931986,cc,343,0.0029154518950437317,1.3046468467780022e-12
99.09778712562375,92.96814137122647,rs16935637,79935837,cc,343,0.029154518950437316,9.019837470958591e-22
112.98735346183076,229.93940916748988,rs1149750,79937796,cc,343,0.0029154518950437317,7.634171386070507e-13
103.9054319672286,60.82045762748244,rs10762770,79937988,cc,343,0.037900874635568516,6.562450923639547e-33
103.78462056272218,60.89382408054721,rs10740470,79938556,cc,343,0.037900874635568516,8.074069863006427e-33
93.16352036353193,29.245491745388495,rs6480883,79939997,cc,343,0.09329446064139942,2.5302107991862103e-48
106.2860089338898,85.75413861419969,rs17522769,79940471,cc,343,0.026239067055393587,5.1451919339965677e-26
99.46530699948879,93.7521605927461,rs16935649,79941085,cc,343,0.029154518950437316,9.392412111883954e-22
99.46530699948879,93.7521605927461,rs16935661,79942983,cc,343,0.029154518950437316,9.392412111883954e-22
92.23125989388704,23.097940701769073,rs10824594,79943595,cc,343,0.11078717201166181,3.1596661145742257e-56
89.11693794041878,23.550058094157386,rs765130,79944769,cc,343,0.12244897959183673,6.741660476429338e-53
100.66930148605817,78.04355821385039,rs1249136,79945183,cc,343,0.03498542274052478,1.0204641733611789e-25
87.6650626682777,21.941134503684996,rs1249135,79945652,cc,343,0.13411078717201166,2.5908837182712074e-54
87.6650626682777,21.941134503684996,rs1249131,79946596,cc,343,0.13411078717201166,2.5908837182712074e-54
86.37050894136209,17.782686799981963,rs1678632,79947528,cc,343,0.15743440233236153,2.0692496654575977e-61
87.61229792229187,22.10035647867627,rs1249123,79949089,cc,343,0.13411078717201166,5.378013071930293e-54
87.61229792229187,22.10035647867627,rs1249122,79949403,cc,343,0.13411078717201166,5.378013071930293e-54
103.11848708933564,83.15979614790201,rs1262016,79951957,cc,343,0.029154518950437316,2.1115313227298787e-25
88.67580602137923,16.602763528779146,rs1949737,79952134,cc,343,0.14868804664723032,1.606138673540211e-66
88.49866776696871,17.33316227784475,rs1427827,79952934,cc,343,0.1457725947521866,1.656099047687469e-64
97.55267638497189,47.384805745698,rs1149747,79955120,cc,343,0.05539358600583091,3.4567742608908024e-36
97.55267638497189,47.384805745698,rs1720278,79956642,cc,343,0.05539358600583091,3.4567742608908024e-36
104.49354028209378,78.93983158008449,rs1720273,79957503,cc,343,0.029154518950437316,4.7719697284256534e-27
94.74539209120113,31.5398968616762,rs12217848,79958794,cc,343,0.08163265306122448,6.854115397750719e-47
121.89886816551112,340.3200997453725,rs11002444,79960744,cc,343,0.11370262390670553,1.4969587082908043e-10
94.4512493976104,33.78296948014797,rs751284,79964084,cc,343,0.07871720116618076,2.0920350139989823e-44
95.0639465153368,34.17059093636573,rs10159695,79965198,cc,343,0.07580174927113703,1.8666832886340472e-44
107.39311338606387,158.1611791921726,rs12411352,79968641,cc,343,0.014577259475218658,4.495730819856323e-16
122.3311630345516,360.75562834817197,rs7089561,79969839,cc,343,0.10787172011661808,4.0340937909996627e-10
88.14242788338242,25.720163633426765,rs1249159,79970100,cc,343,0.119533527696793,6.157764177681243e-49
99.5476307003413,71.47363775688562,rs11002449,79975194,cc,343,0.03498542274052478,4.240448571814654e-27
99.2697282322977,70.96552977091463,rs10509394,79976921,cc,343,0.03498542274052478,3.927341114139331e-27
83.33293865954323,19.28995624195479,rs1149737,79978190,cc,343,0.1661807580174927,2.362023738028476e-55
83.33293865954323,19.28995624195479,rs1149736,79978444,cc,343,0.1661807580174927,2.362023738028476e-55
94.34234964505819,34.3258906630889,rs1249150,79980507,cc,343,0.07580174927113703,8.133612467479094e-44
83.66077351271838,15.170363466663753,rs1249149,79980725,cc,343,0.18658892128279883,2.148635501444461e-65
94.34234964505819,34.3258906630889,rs1249148,79980813,cc,343,0.07580174927113703,8.133612467479094e-44
106.73292875788438,102.75365576313487,rs11002453,79984258,cc,343,0.02040816326530612,1.2133221700161113e-22
83.38954464585353,15.05011049351158,rs1720311,79984355,cc,343,0.18950437317784258,1.8602704253294204e-65
83.4979839164165,14.913744564907061,rs2434123,79984796,cc,343,0.18950437317784258,5.860132309391465e-66
107.52714435569581,112.92772239047723,rs1149735,79985673,cc,343,0.014577259475218658,3.1687383606451905e-21
83.22024001892734,19.44986715098015,rs1149732,79986352,cc,343,0.1661807580174927,6.177462872444683e-55
93.48169790634844,30.714673881923503,rs1149731,79988080,cc,343,0.08454810495626822,7.039406763424928e-47
93.48169790634844,30.714673881923503,rs2448388,79988583,cc,343,0.08454810495626822,7.039406763424928e-47
93.48169790634844,30.714673881923503,rs1249138,79988956,cc,343,0.08454810495626822,7.039406763424928e-47
106.96998478012418,189.92977291640176,rs718708,79989151,cc,343,0.011661807580174927,9.77927907898257e-14
115.53178194728466,248.79828505788774,rs2461875,79991063,cc,343,0.0029154518950437317,1.7352471032184318e-12
83.17484110423719,19.683689641145317,rs2434124,79991090,cc,343,0.16909620991253643,1.9258836401368753e-54
83.07318371989682,19.207949018685415,rs1880051,79995592,cc,343,0.17201166180758018,2.8118792915241767e-55
95.21433461950775,39.42568769325259,rs1720285,79997370,cc,343,0.06705539358600583,4.379279371234196e-40
85.93384418141633,25.03360030710455,rs1904422,79997900,cc,343,0.1282798833819242,4.095214881225831e-48
95.72574469844625,49.18084325889583,rs2448386,79998769,cc,343,0.05539358600583091,3.6440496417886083e-34
83.10684465788685,18.083525491765798,rs9787677,80001450,cc,343,0.1749271137026239,1.2080516680108664e-57
83.06183630240977,18.203544349025385,rs10762774,80005591,cc,343,0.1749271137026239,2.4207417327414522e-57
96.08966451822144,48.59302440419742,rs12762957,80007269,cc,343,0.05539358600583091,1.1013735478357876e-34
122.84815802777729,339.64075509395394,rs4979805,80008474,cc,343,0.11370262390670553,1.0558488509000306e-10
122.84815802777729,339.64075509395394,rs1880052,80008668,cc,343,0.11370262390670553,1.0558488509000306e-10
83.45744516092773,18.20874178168764,rs11002468,80012051,cc,343,0.17201166180758018,1.0529062190304463e-57
96.08966451822144,48.59302440419742,rs11591530,80016531,cc,343,0.05539358600583091,1.1013735478357876e-34
86.83008595895777,26.707127299270184,rs4979807,80017045,cc,343,0.12244897959183673,1.2925624013486537e-46
124.64839842238501,348.4371372755431,rs4979952,80017446,cc,343,0.11078717201166181,9.835482206524973e-11
124.64839842238501,348.4371372755431,rs1720300,80018020,cc,343,0.11078717201166181,9.835482206524973e-11
104.80257879211699,103.94762523611072,rs1649983,80019761,cc,343,0.02040816326530612,8.905855425928958e-22
98.42519804911377,61.836385248324,rs2140386,80020907,cc,343,0.043731778425655975,7.527431292349265e-30
121.03589222922008,282.53355626683043,rs1863833,80021842,cc,343,0.0029154518950437317,3.833599040971944e-12
89.48116087691733,41.38015070074929,rs1626941,80021895,cc,343,0.08163265306122448,3.5863181120001904e-35
111.35087054060276,124.68072050308416,rs1649991,80022229,cc,343,0.008746355685131196,9.962972979651525e-21
107.40118751436779,1117.5772205829057,rs1649992,80022901,cc,343,0.037900874635568516,0.0014399281860875235
95.78285886625903,45.82958854128695,rs7921316,80023744,cc,343,0.061224489795918366,4.248142716051236e-36
95.78285886625903,45.82958854128695,rs7921332,80023801,cc,343,0.061224489795918366,4.248142716051236e-36
112.10140160974996,115.97936934430561,rs1720296,80023894,cc,343,0.008746355685131196,3.1691433209001485e-22
86.77108501662389,22.005231445286494,rs1720293,80027266,cc,343,0.13411078717201166,1.9532648041386398e-53
103.44058902595359,44.30433484042,rs2913115,80028339,cc,343,0.04081632653061224,1.4078477321045214e-41
110.65591272245229,140.2786853115837,rs2913117,80030941,cc,343,0.011661807580174927,1.2416945421364684e-18
114.5881617561544,195.46577680040002,rs11002475,80031020,cc,343,0.0058309037900874635,5.04349576657374e-15
78.97822411598375,12.621251430370144,rs7901887,80031444,cc,343,0.239067055393586,2.2407900179320966e-68
120.36011025469516,955.4396055823029,rs1880050,80031989,cc,343,0.043731778425655975,0.00011864451742186706
92.45162207770409,41.52775143814636,rs11002479,80034847,cc,343,0.0728862973760933,7.182881078769934e-37
91.6275298841145,48.10664064634375,rs11002480,80035257,cc,343,0.06705539358600583,1.771141312530445e-32
86.46571475422284,31.213775115722267,rs3862505,80036805,cc,343,0.11078717201166181,2.5313912199375367e-41
91.62238999081771,45.39331278833061,rs1720261,80040606,cc,343,0.06997084548104957,5.729958317846313e-34
86.07850367352637,21.970248769646116,rs1916391,80041351,cc,343,0.14285714285714285,6.7074931692598305e-53
91.65234686940863,48.8056468676799,rs7099487,80041406,cc,343,0.06705539358600583,3.953727487748519e-32
87.88351498239588,29.205452268449598,rs11002481,80041795,cc,343,0.11078717201166181,1.8758062574602504e-44
80.92710121940044,12.627309932202124,rs7088190,80042347,cc,343,0.22157434402332363,1.6091393706563444e-70
80.92710121940044,12.627309932202124,rs10824598,80042563,cc,343,0.22157434402332363,1.6091393706563444e-70
97.0691869469446,47.6599449718096,rs1720260,80043368,cc,343,0.05830903790087463,9.348962678276927e-36
87.64765735665776,29.687403678234777,rs11002486,80043452,cc,343,0.11078717201166181,9.45403626009972e-44
81.33111918418693,12.915022427580762,rs1720321,80044984,cc,343,0.2099125364431487,5.872066638983747e-70
114.54818218581272,249.4600002562525,rs1720319,80046919,cc,343,0.0029154518950437317,2.755382185272294e-12
114.54818218581272,249.4600002562525,rs1649988,80047418,cc,343,0.0029154518950437317,2.755382185272294e-12
90.6291223873915,34.67751259539402,rs751716,80050249,cc,343,0.09329446064139942,5.565753784873733e-41
90.36962814895881,33.68611559696323,rs1649990,80050769,cc,343,0.09620991253644315,1.0729459055415072e-41
84.48398092461174,23.94127662014934,rs10762777,80052507,cc,343,0.1457725947521866,1.7621736143945457e-48
89.10093748572439,35.711692974317025,rs7908220,80055570,cc,343,0.09037900874635568,4.40786477657483e-39
92.50573480731383,44.59243383262917,rs7076339,80058892,cc,343,0.06997084548104957,5.988610762543576e-35
92.50573480731383,44.59243383262917,rs1109073,80059642,cc,343,0.06997084548104957,5.988610762543576e-35
91.69446370122213,44.071393850688324,rs10762780,80060516,cc,343,0.0728862973760933,8.597312576732305e-35
87.76790625536799,38.56567852338638,rs930043,80065669,cc,343,0.09037900874635568,4.886647219848909e-36
87.76790625536799,38.56567852338638,rs7076791,80066149,cc,343,0.09037900874635568,4.886647219848909e-36
88.38042492010092,22.24176074242521,rs7902136,80066799,cc,343,0.13119533527696792,2.05916567699405e-54
92.60172281880666,44.218194171521745,rs4979961,80067397,cc,343,0.06997084548104957,3.123316398859529e-35
108.93799614994143,100.13730733817435,rs1916395,80075608,cc,343,0.01749271137026239,6.761087095729913e-24
105.49818831613993,130.14097657164314,rs1649995,80075655,cc,343,0.014577259475218658,2.5337941244592392e-18
119.8466194402541,276.4484599823297,rs16935812,80080664,cc,343,0.0029154518950437317,3.659592590939685e-12
116.5380303443344,218.34034043082798,rs7920472,80080866,cc,343,0.0058309037900874635,4.212392801089743e-14
109.37243855766266,258.4924132912805,rs12776774,80081518,cc,343,0.0058309037900874635,4.600458429177024e-11
107.33933751755278,228.88913081762325,rs1916399,80091017,cc,343,0.008746355685131196,7.497446037251209e-12
108.51545564800777,100.40597076118576,rs1916400,80091338,cc,343,0.01749271137026239,1.0731200744631085e-23
105.22799536024797,250.01865692075603,rs12784681,80091567,cc,343,0.008746355685131196,1.1277906747373685e-10
102.85056040572822,52.683834115485666,rs12773521,80093195,cc,343,0.037900874635568516,3.509452022788703e-36
103.27001959336715,58.439246570491306,rs12773707,80093253,cc,343,0.03498542274052478,1.272433656566408e-33
83.00345752508548,11.364456061641613,rs4520538,80097033,cc,343,0.21574344023323616,9.921391818029676e-78
105.32127682692439,100.01663706251075,rs10466038,80097952,cc,343,0.01749271137026239,1.194540154678986e-22
113.21105633575588,255.99412978073082,rs11002508,80099526,cc,343,0.0058309037900874635,8.457074934975387e-12
113.21105633575588,255.99412978073082,rs11002509,80099990,cc,343,0.0058309037900874635,8.457074934975387e-12
112.90865944290987,225.30248754719088,rs11002511,80101502,cc,343,0.0058309037900874635,4.796163479842948e-13
94.93484126079892,42.93882277911827,rs4598621,80101868,cc,343,0.06997084548104957,2.0117602164161798e-37
83.021216602413,11.289638639614598,rs7905390,80102732,cc,343,0.21574344023323616,4.588564829985092e-78
84.20930313601762,11.944449770638002,rs7074180,80104641,cc,343,0.20116618075801748,9.731704330569871e-77
94.93484126079892,42.93882277911827,rs890687,80109219,cc,343,0.06997084548104957,2.0117602164161798e-37
83.9676326666924,11.433502642205198,rs755043,80110426,cc,343,0.20699708454810495,1.526428241351092e-78
115.63749347301703,354.76811193210324,rs10490995,80110906,cc,343,0.0029154518950437317,2.2963506436221807e-09
113.32036806708007,189.22400029684513,rs41385044,80112985,cc,343,0.0058309037900874635,3.767198855055107e-15
115.26243764564882,143.6777313193428,rs1877591,80114165,cc,343,0.008746355685131196,1.5628560744305416e-19
85.61580638716163,15.25080600697228,rs2670207,80117445,cc,343,0.17201166180758018,3.702339241869781e-67
85.96207580473289,15.34881767163599,rs2670213,80119413,cc,343,0.16909620991253643,3.133232966792003e-67
85.96207580473289,15.34881767163599,rs2559535,80120016,cc,343,0.16909620991253643,3.133232966792003e-67
85.35917603837802,15.11133782168202,rs1863830,80121055,cc,343,0.1749271137026239,2.691446384245573e-67
126.350812446516,1450.0170294403822,rs1863831,80121183,cc,343,0.029154518950437316,0.0010037718719229565
87.24435368351527,17.977714754084516,rs2559537,80122446,cc,343,0.14868804664723032,8.644002160508415e-62
87.24435368351527,17.977714754084516,rs2670219,80123674,cc,343,0.14868804664723032,8.644002160508415e-62
88.71383252803929,23.040096195733916,rs1863832,80125238,cc,343,0.12244897959183673,2.2541240163328e-53
88.35018583205382,22.807158111841026,rs2670220,80125781,cc,343,0.12536443148688048,1.9076504688089347e-53
87.37453169720303,18.57081856852352,rs2670221,80126129,cc,343,0.1457725947521866,1.388363058276608e-60
98.14093447831445,64.22600082052209,rs2670223,80127055,cc,343,0.043731778425655975,7.717648768318458e-29
100.00683313078673,83.2898419570006,rs2245581,80128924,cc,343,0.03206997084548105,3.7643227798186054e-24
84.01217915111602,13.071828312824147,rs1559990,80130592,cc,343,0.19533527696793002,2.4460723347815257e-72
107.30914941696025,95.35526585774446,rs1000760,80130800,cc,343,0.02040816326530612,2.9186613093182326e-24
112.47547875493385,230.27686156853406,rs10490996,80131442,cc,343,0.0058309037900874635,9.852950103059578e-13
107.30914941696025,95.35526585774446,rs12257604,80131550,cc,343,0.02040816326530612,2.9186613093182326e-24
84.16939459136562,13.378450038931163,rs2559541,80131878,cc,343,0.1924198250728863,1.866056391301666e-71
113.2058899540427,211.97705202377387,rs2077454,80133244,cc,343,0.0058309037900874635,8.927686057819983e-14
113.83092491502299,255.58262045221647,rs11002527,80133609,cc,343,0.0058309037900874635,6.389564418974047e-12
111.80492311252729,180.36189513193406,rs16935883,80135891,cc,343,0.0058309037900874635,2.0480659040011358e-15
111.58800155817516,180.50358735547456,rs12768040,80140047,cc,343,0.0058309037900874635,2.3468170022833077e-15
111.7343942116596,177.30924307668306,rs719871,80145435,cc,343,0.0058309037900874635,1.2866530354040512e-15
112.16985334174657,177.02415199813805,rs7920205,80148225,cc,343,0.0058309037900874635,9.734686058002837e-16
107.78796785123006,82.05153866911091,rs11002535,80156597,cc,343,0.02040816326530612,1.4794697038390275e-27
112.48987058531256,170.87465918922305,rs4586094,80162150,cc,343,0.0058309037900874635,2.802898806290359e-16
94.84297987593399,31.709781542163885,rs2559544,80168045,cc,343,0.07871720116618076,8.871340600765147e-47
107.78796785123006,82.05153866911091,rs10824606,80168695,cc,343,0.02040816326530612,1.4794697038390275e-27
112.48987058531256,170.87465918922305,rs7097850,80169222,cc,343,0.0058309037900874635,2.802898806290359e-16
112.13972736598058,174.0324482551348,rs7068654,80170037,cc,343,0.0058309037900874635,5.930241538573151e-16
113.83092491502299,255.58262045221647,rs11002539,80171005,cc,343,0.0058309037900874635,6.389564418974047e-12
113.83092491502299,255.58262045221647,rs12357244,80173719,cc,343,0.0058309037900874635,6.389564418974047e-12
95.34738296753667,41.14161094942593,rs892392,80175240,cc,343,0.06997084548104957,6.622778937895096e-39
114.99635639742829,163.58920230276632,rs12261821,80177764,cc,343,0.008746355685131196,1.7040306919054947e-17
114.99635639742829,163.58920230276632,rs6480890,80181178,cc,343,0.008746355685131196,1.7040306919054947e-17
94.99094467733364,36.50256745933822,rs2578118,80184572,cc,343,0.06997084548104957,2.664162850653005e-42
106.13820699315485,106.93868906068806,rs11812623,80187705,cc,343,0.01749271137026239,1.0078915004699312e-21
117.42104734506364,895.1206653858302,rs17453568,80192718,cc,343,0.04664723032069971,0.0001050083280638531
108.19069298581164,68.28768155947145,rs1347262,80194620,cc,343,0.023323615160349854,5.00416017321564e-32
107.7991940534133,64.48834738540904,rs7894696,80200607,cc,343,0.023323615160349854,2.7036055079327784e-33
98.63284799791265,106.39183453403783,rs11002552,80200930,cc,343,0.026239067055393587,2.3526771541005626e-19
80.97381816075668,13.722627531767358,rs2692723,80202907,cc,343,0.21282798833819241,6.679923332109857e-67
91.52302906351673,28.39423022429892,rs989905,80203388,cc,343,0.09912536443148688,4.076150172691497e-48
104.32377024448067,99.46625444778934,rs11002555,80203900,cc,343,0.01749271137026239,2.108078106213411e-22
108.1733968522444,67.60125317503558,rs1917840,80205378,cc,343,0.023323615160349854,2.8482945487472457e-32
79.30598378514351,11.907336109720761,rs987814,80206689,cc,343,0.2478134110787172,2.43176618973685e-71
104.6109551915537,98.14916208860386,rs10824609,80206903,cc,343,0.01749271137026239,9.53938179947883e-23
108.1798379934186,298.380379341933,rs12784427,80207497,cc,343,0.0029154518950437317,1.1355626090163931e-09
104.32377024448067,99.46625444778934,rs11002559,80207743,cc,343,0.01749271137026239,2.108078106213411e-22
79.30598378514351,11.907336109720761,rs2248789,80208772,cc,343,0.2478134110787172,2.43176618973685e-71
79.60175017718419,12.653587815150138,rs768395,80209510,cc,343,0.23323615160349853,5.884208719840577e-69
91.65106317278497,28.139434381699783,rs2574689,80210674,cc,343,0.09912536443148688,1.5901199024659847e-48
108.88124665950039,61.896981857297995,rs2578119,80212856,cc,343,0.023323615160349854,6.747660574882559e-35
83.2264149716951,16.520558401119647,rs2578120,80212868,cc,343,0.1836734693877551,2.178147054372538e-61
122.38232716481403,2450.7012255026316,rs10824610,80213063,cc,343,0.01749271137026239,0.013916626508229259
112.85117226342541,281.2081825262705,rs12763437,80213317,cc,343,0.0058309037900874635,7.181150275360386e-11
97.36521289229813,206.13964268663418,rs2117186,80214232,cc,343,0.01749271137026239,5.2392395896704683e-11
108.08989781423585,305.99633003239,rs7081974,80215612,cc,343,0.0029154518950437317,1.8323615314570646e-09
100.70906439898296,133.02855577009123,rs2010029,80215829,cc,343,0.02040816326530612,1.1301528127833085e-16
108.6549158015083,63.94675531152773,rs2574690,80217168,cc,343,0.023323615160349854,6.3421682029871115e-34
112.96906659398178,256.1541685805618,rs12767035,80217494,cc,343,0.0058309037900874635,9.430262715178077e-12
81.89740358653096,12.165353784716627,rs7918709,80217968,cc,343,0.21574344023323616,2.7142124930427695e-73
93.08735188847993,33.82097847002987,rs1433794,80220710,cc,343,0.08454810495626822,1.9661719054103158e-43
107.55286572403568,322.532966017547,rs16935969,80220796,cc,343,0.0029154518950437317,5.352395605415305e-09
112.75355947215377,220.87761336327387,rs17526405,80220948,cc,343,0.0058309037900874635,3.136009925272955e-13
86.36150528767806,17.372625250631906,rs1435961,80220985,cc,343,0.15743440233236153,2.30554306664518e-62
84.67240053890102,29.093550727102475,rs7084858,80221107,cc,343,0.12244897959183673,3.3342578601420266e-42
104.81869168952323,101.50804637804606,rs11819435,80221143,cc,343,0.02040816326530612,3.3129151158626805e-22
126.02668958528167,2091.697758283323,rs11002565,80221297,cc,343,0.02040816326530612,0.006172626119906216
85.505716509694,13.673592125142159,rs2670198,80221806,cc,343,0.18075801749271136,6.797978584298262e-72
87.78683265628867,21.35769816070147,rs3900506,80222186,cc,343,0.13119533527696792,1.92802027973917e-55
81.89834973608208,12.505855629853603,rs2670199,80222369,cc,343,0.2099125364431487,4.936434646098838e-72
81.89834973608208,12.505855629853603,rs2670200,80222411,cc,343,0.2099125364431487,4.936434646098838e-72
108.02436489149707,115.54904028432524,rs10740479,80222468,cc,343,0.011661807580174927,5.453121398410326e-21
92.31969414158934,25.814653290296874,rs2574693,80222818,cc,343,0.09620991253644315,4.059717475862315e-52
114.23895316379162,185.22813322020602,rs11002568,80223576,cc,343,0.0058309037900874635,1.2624058262110676e-15
93.19694685356566,32.16856819624612,rs2578108,80223615,cc,343,0.08746355685131195,3.92729279222674e-45
98.5428666436151,46.4409971560934,rs11002569,80223728,cc,343,0.052478134110787174,2.5787457012925033e-37
106.36901941220603,116.5867453120944,rs10762785,80224705,cc,343,0.014577259475218658,2.5535891848354474e-20
86.67358279715357,21.925587145871663,rs10762786,80225164,cc,343,0.13119533527696792,1.7355703316222814e-53
82.42530057934675,11.51200133010851,rs2578109,80227321,cc,343,0.22157434402332363,1.8564552854355637e-76
104.67276217024491,201.8226764328736,rs11597465,80230590,cc,343,0.008746355685131196,1.3103659751416766e-12
83.69584334573392,14.324466310369838,rs2670192,80230626,cc,343,0.18658892128279883,6.50881833990927e-68
95.42030617028001,99.14994284778338,rs2570548,80231107,cc,343,0.026239067055393587,2.0130030239301153e-19
94.12214057671315,96.77663413005607,rs4979979,80231691,cc,343,0.029154518950437316,2.260055985195898e-19
94.03299474128974,97.8395636422402,rs4979816,80231861,cc,343,0.029154518950437316,3.5995679474573113e-19
82.13587958881111,11.006965285354717,rs2254238,80234372,cc,343,0.22740524781341107,2.984765706067194e-78
111.56081804527624,137.64325214786362,rs7920318,80235850,cc,343,0.008746355685131196,3.5335650083294894e-19
107.86510381327558,102.04323898122524,rs4979982,80237449,cc,343,0.023323615160349854,3.6666192589865403e-23
115.75297545545999,401.02734551376926,rs10509398,80238142,cc,343,0.09912536443148688,1.6810835608868406e-08
108.13364830069071,99.44393009934976,rs12415679,80238705,cc,343,0.023323615160349854,9.578504832742427e-24
115.75297545545999,401.02734551376926,rs16935995,80239425,cc,343,0.09912536443148688,1.6810835608868406e-08
115.75297545545999,401.02734551376926,rs16935996,80240206,cc,343,0.09912536443148688,1.6810835608868406e-08
112.05969125444021,281.72868743033143,rs2570538,80241441,cc,343,0.0029154518950437317,9.918486658115097e-11
107.7146779199609,98.52575844570588,rs10824618,80241769,cc,343,0.023323615160349854,8.960216074968097e-24
115.75297545545999,401.02734551376926,rs4554825,80244623,cc,343,0.09912536443148688,1.6810835608868406e-08
83.09944022501116,13.97959283134382,rs11002577,80246143,cc,343,0.19533527696793002,2.3535811624049727e-68
109.30553203439902,73.52150628753438,rs1369752,80248755,cc,343,0.023323615160349854,1.0145745381440857e-30
96.53871505319765,162.20465474570193,rs7918954,80251721,cc,343,0.01749271137026239,3.2781263771808144e-13
109.30553203439902,73.52150628753438,rs7074960,80259796,cc,343,0.023323615160349854,1.0145745381440857e-30
108.89634215831211,76.19271644916454,rs1583344,80260293,cc,343,0.023323615160349854,1.073153402580409e-29
115.79422443894184,388.4221331892637,rs1821372,80260588,cc,343,0.10204081632653061,1.0010887733585942e-08
115.75297545545999,401.02734551376926,rs1821676,80260703,cc,343,0.09912536443148688,1.6810835608868406e-08
113.76083933940231,114.8834502673031,rs2099517,80266239,cc,343,0.014577259475218658,6.16064367878617e-23
114.9847114245478,163.59703307264297,rs10824620,80266999,cc,343,0.008746355685131196,1.7182049627323247e-17
115.20635202024815,107.92650375736993,rs17454874,80268176,cc,343,0.0058309037900874635,1.2811917757589499e-24
111.30963282353893,190.54467707914762,rs11002586,80270069,cc,343,0.008746355685131196,1.2590917257999594e-14
112.20507944890366,173.98957866326836,rs12218276,80271486,cc,343,0.008746355685131196,5.682394701117295e-16
89.65619299108513,19.75353176598492,rs1368764,80273287,cc,343,0.13119533527696792,3.5924509844087987e-60
88.80201231660018,17.94750837824019,rs1811384,80280541,cc,343,0.14285714285714285,2.497717996212837e-63
86.46558408970017,14.204468170762024,rs2019080,80281736,cc,343,0.17201166180758018,3.5116383545181446e-71
88.80201231660018,17.94750837824019,rs2578113,80286002,cc,343,0.14285714285714285,2.497717996212837e-63
86.24221702094174,14.491915948863939,rs2578114,80287253,cc,343,0.17201166180758018,4.7504790705207775e-70
88.80201231660018,17.94750837824019,rs7083544,80291243,cc,343,0.14285714285714285,2.497717996212837e-63
88.80201231660018,17.94750837824019,rs2570539,80292023,cc,343,0.14285714285714285,2.497717996212837e-63
88.80201231660018,17.94750837824019,rs2570540,80292107,cc,343,0.14285714285714285,2.497717996212837e-63
86.24221702094174,14.491915948863939,rs1347520,80294275,cc,343,0.17201166180758018,4.7504790705207775e-70
88.5940383556749,18.16803705285923,rs881009,80296708,cc,343,0.14285714285714285,1.2657696716357439e-62
88.43456773115432,18.592284661261374,rs881008,80296727,cc,343,0.14285714285714285,1.601530494014337e-61
88.5047557147135,18.441442060783253,rs7080957,80299556,cc,343,0.14285714285714285,6.368777501814419e-62
88.5047557147135,18.441442060783253,rs732187,80301056,cc,343,0.14285714285714285,6.368777501814419e-62
86.30323088726873,14.905246479904191,rs2177836,80302281,cc,343,0.16909620991253643,7.293996001970956e-69
88.61309448249324,18.271435988666443,rs11002598,80305560,cc,343,0.14285714285714285,2.089339264153698e-62
88.53198297057111,18.427347836864012,rs10762790,80306807,cc,343,0.14285714285714285,5.586556903550247e-62
114.27740447451826,460.7138171093635,rs7090749,80310636,cc,343,0.08746355685131195,1.841464950724065e-07
114.6183501023847,515.91884685725,rs10509399,80312035,cc,343,0.07871720116618076,7.335385241003578e-07
113.79555177534625,478.2385680815932,rs2019432,80312407,cc,343,0.08454810495626822,3.377195106704268e-07
115.10088221437411,428.98032711770634,rs1369754,80314300,cc,343,0.09329446064139942,5.5217177294411e-08
114.6183501023847,515.91884685725,rs16936070,80316027,cc,343,0.07871720116618076,7.335385241003578e-07
113.93488210944466,460.9423779635728,rs1368765,80318719,cc,343,0.08746355685131195,2.010088968286772e-07
115.09025647082636,495.8043064931569,rs11002603,80318894,cc,343,0.08163265306122448,4.016784648618135e-07
110.94193190401975,587.6350907206075,rs1917844,80324265,cc,343,0.06997084548104957,6.62256257620783e-06
109.50029761303647,252.7669326092659,rs164226,80325854,cc,343,0.0029154518950437317,2.7349285296852958e-11
109.10665600144358,258.6622025668136,rs164232,80328687,cc,343,0.0029154518950437317,5.159112497077358e-11
109.10665600144358,258.6622025668136,rs158289,80329506,cc,343,0.0029154518950437317,5.159112497077358e-11
109.10665600144358,258.6622025668136,rs164237,80329894,cc,343,0.0029154518950437317,5.159112497077358e-11
109.10665600144358,258.6622025668136,rs164238,80331071,cc,343,0.0029154518950437317,5.159112497077358e-11
108.34926439015196,271.12214626713114,rs164241,80334161,cc,343,0.0029154518950437317,1.7646528004328934e-10
109.10665600144358,258.6622025668136,rs151551,80337464,cc,343,0.0029154518950437317,5.159112497077358e-11
108.92927988550653,264.6446852588479,rs164247,80338908,cc,343,0.0029154518950437317,8.806281057275813e-11
83.99751938945732,18.346122270418093,rs6480895,80342675,cc,343,0.16909620991253643,6.463415458247342e-58
91.34399627311944,26.167227011444282,rs732389,80344502,cc,343,0.10495626822157435,7.431523958114868e-51
108.54178833831492,264.89108350649553,rs149624,80344742,cc,343,0.0029154518950437317,1.0360521753625114e-10
108.54178833831492,264.89108350649553,rs190831,80345452,cc,343,0.0029154518950437317,1.0360521753625114e-10
109.42406334583688,161.92320599309036,rs288444,80348121,cc,343,0.0058309037900874635,2.931580643978307e-16
109.04991035061663,167.48475504313734,rs288442,80348890,cc,343,0.0058309037900874635,1.0036245392556353e-15
109.66327543059863,161.7699652356237,rs288457,80352495,cc,343,0.0058309037900874635,2.488095325208301e-16
109.66327543059863,161.7699652356237,rs288456,80352563,cc,343,0.0058309037900874635,2.488095325208301e-16
99.4067424754025,51.14340830401978,rs12766838,80354027,cc,343,0.04956268221574344,3.923757778961269e-35
93.79587851117962,24.500557367746282,rs288453,80355186,cc,343,0.09620991253644315,2.957214034094381e-55
109.77122590290645,159.14311999527519,rs288452,80355368,cc,343,0.0058309037900874635,1.404998828583134e-16
109.66327543059863,161.7699652356237,rs288450,80356268,cc,343,0.0058309037900874635,2.488095325208301e-16
101.79622521655722,48.8906898608989,rs1816226,80356443,cc,343,0.04664723032069971,1.061607943069938e-37
109.66327543059863,161.7699652356237,rs288447,80359650,cc,343,0.0058309037900874635,2.488095325208301e-16
109.77122590290645,159.14311999527519,rs703959,80363926,cc,343,0.0058309037900874635,1.404998828583134e-16
93.20731825979396,24.32179927933317,rs1665556,80376331,cc,343,0.09912536443148688,4.693529162309058e-55
109.61978289156562,164.42363581502917,rs1684535,80376423,cc,343,0.0058309037900874635,4.2026197040031816e-16
84.66513845333202,15.367988296886104,rs11595067,80379482,cc,343,0.17784256559766765,7.314057324914759e-66
92.91719873471118,32.992773372740544,rs1684538,80382636,cc,343,0.08163265306122448,4.118921082067588e-44
101.3885201698771,64.0744791498267,rs1434437,80383574,cc,343,0.037900874635568516,2.0607113442952178e-30
84.971349366212,15.752964683406956,rs1025558,80386576,cc,343,0.1749271137026239,4.108944232986165e-65
103.92387620300602,80.95415373416823,rs1025561,80387684,cc,343,0.023323615160349854,2.7989890202620503e-26
84.66952799545656,15.632276481054426,rs1550022,80388374,cc,343,0.17784256559766765,3.883820766892375e-65
88.47310831282314,28.194406389308213,rs2593147,80389499,cc,343,0.11370262390670553,4.696124216230225e-46
89.25429163689523,27.963385951581138,rs2593148,80389704,cc,343,0.11078717201166181,6.36488665007377e-47
88.73635322612158,27.711687040371725,rs2559618,80390189,cc,343,0.11370262390670553,7.793106089627063e-47
100.44835754346693,75.16157008343124,rs1434432,80396850,cc,343,0.03206997084548105,2.071473831830407e-26
96.19596881477239,51.716024617800024,rs1434449,80401458,cc,343,0.05539358600583091,4.103431341430939e-33
102.13324727480497,82.88554608565305,rs1655630,80401534,cc,343,0.026239067055393587,4.430934754982792e-25
77.56712091719255,11.75443075667949,rs1655629,80404282,cc,343,0.2594752186588921,6.251290176093476e-70
109.3747289602916,432.7387532913612,rs1369039,80404899,cc,343,0.0058309037900874635,2.574191876893448e-07
112.2711510597052,183.24631691806908,rs10762795,80405937,cc,343,0.0029154518950437317,2.5513006961039636e-15
112.2711510597052,183.24631691806908,rs10824631,80407735,cc,343,0.0029154518950437317,2.5513006961039636e-15
77.56712091719255,11.75443075667949,rs1665572,80408556,cc,343,0.2594752186588921,6.251290176093476e-70
88.08706196110167,28.219958190844135,rs1655627,80410110,cc,343,0.11078717201166181,9.84436503847747e-46
91.79802598966135,49.45391477728769,rs1665571,80411629,cc,343,0.0641399416909621,7.025713682814836e-32
83.65964218053745,15.341422421576356,rs1665569,80414074,cc,343,0.18075801749271136,6.4776724389526255e-65
83.65964218053745,15.341422421576356,rs1665568,80414183,cc,343,0.18075801749271136,6.4776724389526255e-65
90.32525838888098,28.659973452189277,rs1655622,80414972,cc,343,0.10495626822157435,6.748270900359538e-47
90.32525838888098,28.659973452189277,rs1655623,80415570,cc,343,0.10495626822157435,6.748270900359538e-47
101.21134201760012,545.7002237029866,rs16936223,80418634,cc,343,0.0058309037900874635,1.939209094428825e-05
96.21209521966765,51.29452513444779,rs35665,80421520,cc,343,0.05539358600583091,2.477649983864239e-33
101.63188803239098,524.1303249717656,rs7086594,80422092,cc,343,0.0058309037900874635,1.2196511135571527e-05
97.47211679397421,74.73333213389252,rs992588,80425871,cc,343,0.037900874635568516,2.7682155449739435e-25
92.42508985903552,34.65159027803291,rs252827,80434533,cc,343,0.08163265306122448,3.241943459028869e-42
81.06325483800708,11.393114246842595,rs560162,80435869,cc,343,0.2303206997084548,2.211812197434101e-75
112.69096399049118,250.69401393159782,rs4979997,80435887,cc,343,0.0058309037900874635,6.5080890542235235e-12
94.20630080454767,41.166667622929005,rs592242,80442471,cc,343,0.06997084548104957,3.455680734433453e-38
94.20630080454767,41.166667622929005,rs499299,80443273,cc,343,0.06997084548104957,3.455680734433453e-38
112.69096399049118,250.69401393159782,rs3851042,80444648,cc,343,0.0058309037900874635,6.5080890542235235e-12
100.91944384286023,545.8727430230201,rs3851043,80446204,cc,343,0.0058309037900874635,2.0522965805119373e-05
100.8542350730761,62.080445438246336,rs2002688,80446998,cc,343,0.03498542274052478,6.430853137749367e-31
109.72173402936363,713.1471257860879,rs3844124,80447547,cc,343,0.0029154518950437317,4.98469509716903e-05
105.33025195560268,79.25385384094731,rs11002633,80447787,cc,343,0.02040816326530612,2.6276511994730728e-27
107.520817744988,797.695004267566,rs7099914,80453062,cc,343,0.0029154518950437317,0.00016671633820914862
88.88168269322578,29.23278138151329,rs252822,80453448,cc,343,0.10787172011661808,3.673707644640937e-45
107.520817744988,797.695004267566,rs3910297,80458157,cc,343,0.0029154518950437317,0.00016671633820914862
107.520817744988,797.695004267566,rs4980001,80459780,cc,343,0.0029154518950437317,0.00016671633820914862
91.5864062541639,24.067536427193033,rs190411,80462465,cc,343,0.10495626822157435,3.9897333615606106e-54
99.48551462523628,104.69398353376323,rs3893270,80462677,cc,343,0.023323615160349854,6.876573922640756e-20
85.44774139317973,19.656516805965044,rs157994,80462841,cc,343,0.14868804664723032,1.475699717653276e-56
112.1686309884815,160.144913189826,rs2395537,80462981,cc,343,0.0029154518950437317,4.330713716754685e-17
98.07834196330718,53.659930752075255,rs650389,80466640,cc,343,0.043731778425655975,3.6764422266270534e-33
120.121716399855,229.93599401639835,rs513818,80467191,cc,343,0.0029154518950437317,3.324118725393231e-14
109.31594973927506,264.39793423246,rs12256977,80468900,cc,343,0.008746355685131196,7.482520372381805e-11
92.82872605050659,32.59111599137042,rs157989,80470413,cc,343,0.08454810495626822,1.9036008063163816e-44
107.68741362869389,541.7445415362213,rs3851045,80473385,cc,343,0.0029154518950437317,5.280900715887419e-06
79.32355790884651,10.891244114015002,rs11002642,80474579,cc,343,0.2536443148688047,1.8499762677336272e-75
106.71541682741932,85.48669857456527,rs157983,80475376,cc,343,0.01749271137026239,3.0041162848501726e-26
115.61771561519646,214.59131752723462,rs1434442,80475897,cc,343,0.0058309037900874635,4.050816285659386e-14
81.07910922903307,14.871622648590629,rs1369038,80477555,cc,343,0.20116618075801748,1.396038179417507e-63
80.95060784071174,13.806071474512514,rs11002643,80478501,cc,343,0.2099125364431487,1.2947495202827218e-66
81.07910922903307,14.871622648590629,rs3930371,80480152,cc,343,0.20116618075801748,1.396038179417507e-63
118.05845494972614,374.9953510786921,rs12357218,80483080,cc,343,0.0029154518950437317,2.9259897287559224e-09
90.94135733890096,34.054981986963156,rs35656,80483693,cc,343,0.08746355685131195,9.489990104403316e-42
102.8326702245121,63.807893707815815,rs35657,80484049,cc,343,0.029154518950437316,3.3974757519198858e-31
84.48742403087222,20.47350920917129,rs9663663,80485043,cc,343,0.15451895043731778,3.863390431408901e-54
84.43495929171387,19.93613649534936,rs6480902,80487312,cc,343,0.15743440233236153,4.2437626543785495e-55
98.02382994690794,47.87893378700049,rs35660,80487897,cc,343,0.04956268221574344,3.6227353588599653e-36
105.30621759043683,106.15790493607788,rs35661,80488180,cc,343,0.02040816326530612,1.4171122380462193e-21
109.91280442847611,156.56017400334082,rs35662,80488201,cc,343,0.011661807580174927,7.717098204822019e-17
113.3641310993129,750.1579594593578,rs16936359,80492774,cc,343,0.0029154518950437317,4.396522603551996e-05
100.9222118156112,58.25943818931344,rs1550023,80494073,cc,343,0.03498542274052478,1.59975110651103e-32
112.91330673574546,256.1909965604301,rs7917285,80494182,cc,343,0.14868804664723032,9.66953679326663e-12
102.81056852581895,63.22541196162631,rs1684543,80494262,cc,343,0.029154518950437316,2.076822580006303e-31
86.72090314280695,20.89548894184318,rs11002648,80495602,cc,343,0.1457725947521866,2.413802876724188e-55
103.2594655775124,83.07472348193716,rs35647,80496028,cc,343,0.029154518950437316,1.7701288804475591e-25
104.71124311124899,80.47382511181333,rs12356700,80498032,cc,343,0.023323615160349854,1.0042459505903606e-26
81.56516720590798,14.332628599902744,rs892542,80498057,cc,343,0.20699708454810495,1.1814709199780397e-65
104.71124311124899,80.47382511181333,rs1865358,80498875,cc,343,0.023323615160349854,1.0042459505903606e-26
103.2594655775124,83.07472348193716,rs40429,80499572,cc,343,0.029154518950437316,1.7701288804475591e-25
103.2594655775124,83.07472348193716,rs28318,80501409,cc,343,0.029154518950437316,1.7701288804475591e-25
103.2594655775124,83.07472348193716,rs35648,80501859,cc,343,0.029154518950437316,1.7701288804475591e-25
86.22091040046908,20.662371783826128,rs10509401,80502114,cc,343,0.14868804664723032,2.488226649617752e-55
104.58514689477617,81.40352049470147,rs2894386,80502208,cc,343,0.023323615160349854,1.9793010221512877e-26
80.71743608583175,12.392615007668496,rs157982,80502497,cc,343,0.21865889212827988,3.947883466770328e-71
102.26026899654767,59.046072101392326,rs157981,80504270,cc,343,0.03206997084548105,7.516358978106687e-33
104.05071987393626,324.6998274771032,rs12768216,80506577,cc,343,0.008746355685131196,1.73532967190003e-08
109.87135326391191,85.4039556099717,rs12252014,80507131,cc,343,0.014577259475218658,1.616379350265313e-27
113.83083685572367,239.2787908871688,rs1881731,80507797,cc,343,0.0058309037900874635,1.3904468251347826e-12
87.24790804693333,18.524045536364707,rs7101045,80508113,cc,343,0.14868804664723032,1.4384373927319934e-60
107.52463378724264,84.04445978076652,rs12246720,80508588,cc,343,0.01749271137026239,6.255967222292805e-27
83.8328813651994,12.636617572715855,rs727100,80508900,cc,343,0.20116618075801748,1.0791578991186746e-73
105.26068377981181,70.11637892484167,rs10824635,80509652,cc,343,0.023323615160349854,4.7166497115477014e-30
83.8328813651994,12.636617572715855,rs10824636,80509970,cc,343,0.20116618075801748,1.0791578991186746e-73
88.78904190362067,23.2862144819803,rs9943334,80510632,cc,343,0.12244897959183673,4.837412428514723e-53
80.65589809619098,10.440976992171207,rs7923391,80513671,cc,343,0.24198250728862974,4.8805542942015656e-79
88.46975629811008,24.932127438467052,rs4547043,80513859,cc,343,0.119533527696793,2.6871670950056506e-50
88.95397330556705,25.143676806473454,rs2395539,80514014,cc,343,0.11661807580174927,2.1941295967004226e-50
109.76993811203765,88.46168290216669,rs11002655,80514279,cc,343,0.014577259475218658,1.0179921634739507e-26
105.42602638915457,112.81141411468124,rs7900239,80515081,cc,343,0.02040816326530612,1.429517912740202e-20
80.65589809619098,10.440976992171207,rs10762798,80516313,cc,343,0.24198250728862974,4.8805542942015656e-79
112.77337921477775,327.8613807805398,rs574984,80522530,cc,343,0.0029154518950437317,1.3844456319803997e-09
112.77337921477775,327.8613807805398,rs615550,80522637,cc,343,0.0029154518950437317,1.3844456319803997e-09
112.77337921477775,327.8613807805398,rs644888,80522740,cc,343,0.0029154518950437317,1.3844456319803997e-09
112.77650033993956,100.1229348299881,rs12263918,80527255,cc,343,0.011661807580174927,2.872119575001883e-25
105.86217657351625,71.16886486732446,rs946517,80529202,cc,343,0.023323615160349854,5.7050357024510856e-30
113.93475380918721,207.40363834176435,rs7916163,80529690,cc,343,0.0029154518950437317,3.567240902316144e-14
116.14512851458676,308.62551414424354,rs672705,80529774,cc,343,0.0029154518950437317,1.4660096773535417e-10
82.36195697285716,11.152742386185528,rs638755,80530474,cc,343,0.22157434402332363,6.920152630915942e-78
116.14512851458676,308.62551414424354,rs637446,80530708,cc,343,0.0029154518950437317,1.4660096773535417e-10
117.4252575120291,375.4313384569089,rs12764312,80532268,cc,343,0.10495626822157435,3.587384024602379e-09
105.86217657351625,71.16886486732446,rs10824638,80533345,cc,343,0.023323615160349854,5.7050357024510856e-30
113.93475380918721,207.40363834176435,rs7082864,80534531,cc,343,0.0029154518950437317,3.567240902316144e-14
113.4072829991839,216.07156409688227,rs17538708,80534575,cc,343,0.0029154518950437317,1.3370331720439174e-13
114.13901465814727,203.30999855606584,rs7086345,80534836,cc,343,0.0029154518950437317,1.884926920108273e-14
105.86217657351625,71.16886486732446,rs10762802,80535264,cc,343,0.023323615160349854,5.7050357024510856e-30
99.5254412957254,38.15354962926826,rs7910759,80535287,cc,343,0.052478134110787174,7.416031924257329e-44
86.2487329120421,13.631900631845005,rs515372,80538509,cc,343,0.1749271137026239,8.034086374191075e-73
102.35527900959464,50.70888222693825,rs7904670,80538860,cc,343,0.037900874635568516,5.622525161813714e-37
97.08060001451474,100.36537960566807,rs703956,80539313,cc,343,0.03498542274052478,8.83535823533513e-20
112.40479933400005,100.36767201012717,rs12783362,80540503,cc,343,0.011661807580174927,4.374358415555974e-25
116.8801123783647,265.50402470078,rs536394,80540697,cc,343,0.0029154518950437317,4.572208367679689e-12
93.38145552387483,25.06672823771987,rs737108,80543249,cc,343,0.09620991253644315,4.6853289284709723e-54
114.39250433933493,142.0628119381383,rs7075537,80545382,cc,343,0.0058309037900874635,1.8000998393212378e-19
107.23930844946602,72.52220046301635,rs11591951,80551916,cc,343,0.023323615160349854,3.896343962618639e-30
107.23930844946602,72.52220046301635,rs11002673,80552153,cc,343,0.023323615160349854,3.896343962618639e-30
107.23930844946602,72.52220046301635,rs11002674,80552247,cc,343,0.023323615160349854,3.896343962618639e-30
92.58627934347928,24.168483624324242,rs10762805,80554484,cc,343,0.10204081632653061,8.692328869428949e-55
107.23930844946602,72.52220046301635,rs10762808,80555966,cc,343,0.023323615160349854,3.896343962618639e-30
82.37189855030063,15.129994122334116,rs4979836,80557047,cc,343,0.1924198250728863,3.4526431891788553e-64
108.25198829670728,87.41807833907741,rs10824643,80558477,cc,343,0.01749271137026239,2.2199055485487674e-26
88.20180601204663,18.034685521099874,rs7913285,80558801,cc,343,0.14285714285714285,1.4620262852897078e-62
109.16989709572007,85.85321828878229,rs11002681,80560968,cc,343,0.01749271137026239,3.9894275348270936e-27
107.05636558835334,88.1707904946425,rs11595532,80563519,cc,343,0.02040816326530612,9.722448972368155e-26
88.06029252765762,19.24997068557701,rs2395547,80563859,cc,343,0.13994169096209913,9.18175402830497e-60
97.27848468313599,60.37110267910285,rs7901669,80564663,cc,343,0.04664723032069971,7.309492875351306e-30
86.88544188757015,18.708599473697458,rs7096889,80565287,cc,343,0.14868804664723032,7.868821164166997e-60
106.5065825448084,76.07937801615235,rs7100999,80565886,cc,343,0.023323615160349854,1.0437051115729344e-28
106.41766994904943,88.56945989698862,rs7067561,80566042,cc,343,0.02040816326530612,2.115217400706551e-25
106.78690951313317,86.39235118887237,rs12261616,80566764,cc,343,0.02040816326530612,4.6773538250359613e-26
84.99114363520559,16.389872449203484,rs7477887,80569876,cc,343,0.1661807580174927,1.8588818163379283e-63
106.43032579078263,75.33520536762475,rs1346421,80573708,cc,343,0.023323615160349854,6.721168881411832e-29
95.63875931620504,57.339149291582906,rs7069607,80575173,cc,343,0.052478134110787174,2.816898892504515e-30
103.63152798385076,82.84964640324078,rs11002688,80575870,cc,343,0.026239067055393587,1.1091617767694154e-25
85.96827315089683,16.964885536781342,rs1427818,80575996,cc,343,0.16034985422740525,5.68843743276322e-63
90.9986558300003,22.268536303638896,rs10762810,80580771,cc,343,0.11370262390670553,1.3360153119552028e-56
103.04436558924209,64.89491451329862,rs10509402,80581481,cc,343,0.03206997084548105,6.941304938345394e-31
106.66650117208331,87.43311290748419,rs7098202,80583089,cc,343,0.02040816326530612,9.225624779157542e-26
97.27182637845101,59.35115781213678,rs11002693,80584333,cc,343,0.04664723032069971,2.9149813028114357e-30
97.27182637845101,59.35115781213678,rs11002694,80584754,cc,343,0.04664723032069971,2.9149813028114357e-30
103.37907804089807,65.93889111321471,rs11596054,80585283,cc,343,0.03206997084548105,1.1742049075347036e-30
97.27182637845101,59.35115781213678,rs12249331,80585369,cc,343,0.04664723032069971,2.9149813028114357e-30
106.3955745166258,80.28666281715478,rs4979837,80588289,cc,343,0.023323615160349854,1.8333341501925858e-27
109.08309942881428,85.90860966566395,rs7894487,80589774,cc,343,0.01749271137026239,4.458083828992311e-27
107.50703657072822,82.22838984243816,rs1347959,80590542,cc,343,0.02040816326530612,2.143444985539448e-27
109.13636552202976,86.8559341602246,rs4980007,80590724,cc,343,0.01749271137026239,7.307516926142611e-27
84.36551167397849,14.07652126869108,rs753384,80591064,cc,343,0.1836734693877551,2.1925763861253095e-69
104.68953216520208,78.00475943905406,rs1992293,80591365,cc,343,0.026239067055393587,2.1850736691260204e-27
101.0103952796463,54.72552328921983,rs1346422,80592943,cc,343,0.037900874635568516,3.504003968612634e-34
101.0103952796463,54.72552328921983,rs7900915,80603160,cc,343,0.037900874635568516,3.504003968612634e-34
104.68953216520208,78.00475943905406,rs11002703,80603677,cc,343,0.026239067055393587,2.1850736691260204e-27
109.38265080752406,87.69597053082161,rs1439777,80604614,cc,343,0.01749271137026239,9.399600329072465e-27
84.38022641650511,14.647972459761158,rs1439778,80604998,cc,343,0.18075801749271136,1.1964685353212961e-67
102.33771018647576,54.902711890695194,rs1366058,80608726,cc,343,0.03498542274052478,8.660716321776161e-35
90.64732887849091,18.859163822249062,rs1366057,80608820,cc,343,0.12244897959183673,5.61085157803503e-63
87.7522345161069,24.84787776087229,rs946516,80609135,cc,343,0.12536443148688048,7.722814071791918e-50
85.56108056331104,23.40573429766031,rs1339481,80612664,cc,343,0.13994169096209913,3.6352371256525926e-50
105.66612534529682,100.98649106230144,rs730324,80616150,cc,343,0.01749271137026239,1.362180274488601e-22
115.80213045204107,132.82321407023957,rs772830,80616723,cc,343,0.008746355685131196,5.511739148417901e-21
125.57877711716957,1022.9580428307521,rs529836,80618993,cc,343,0.04081632653061224,0.00010432331098120723
125.57877711716957,1022.9580428307521,rs772831,80619747,cc,343,0.04081632653061224,0.00010432331098120723
125.57877711716957,1022.9580428307521,rs704018,80621021,cc,343,0.04081632653061224,0.00010432331098120723
100.88233146920811,39.85578520566393,rs570677,80622356,cc,343,0.052478134110787174,2.5152985680756646e-43
94.15861480713951,33.23445899403686,rs2993816,80627582,cc,343,0.07871720116618076,9.76193156158764e-45
118.89394832088297,426.38512869431,rs581758,80629177,cc,343,0.09329446064139942,1.8975262916298557e-08
99.40602012690461,56.146157551671834,rs10824657,80631334,cc,343,0.043731778425655975,1.084181767792901e-32
118.24232308789865,441.92462391050185,rs772822,80634744,cc,343,0.09037900874635568,3.868286314811604e-08
119.69696657748229,706.455591021642,rs16936569,80635650,cc,343,0.05830903790087463,9.187011529786735e-06
115.38979167138163,233.19454000728257,rs522549,80635863,cc,343,0.0029154518950437317,3.833114101337031e-13
118.89394832088297,426.38512869431,rs497204,80636291,cc,343,0.09329446064139942,1.8975262916298557e-08
94.2367513211905,33.19141642920463,rs1981221,80640638,cc,343,0.07871720116618076,7.815139231295295e-45
105.90801959170446,112.51357325611355,rs10218850,80641807,cc,343,0.014577259475218658,9.055823724022916e-21
94.2367513211905,33.19141642920463,rs505284,80642012,cc,343,0.07871720116618076,7.815139231295295e-45
118.24232308789865,441.92462391050185,rs2813473,80643195,cc,343,0.09037900874635568,3.868286314811604e-08
109.75092393376015,232.04723588677263,rs7078982,80646221,cc,343,0.008746355685131196,3.737296913080439e-12
